
0 0 0 0 -nan nan -nan 0 0 0 0 0 0 0 0 0 0 0 0 0 -nan nan -nan 0 0 0 0 0 0 
0 0 0 0 -nan nan -nan 0 0 0 0 0 0 0 0 0 0 0 0 0 -nan nan -nan 0 0 0 0 0 0 
2687.53 36.949 36.949 -0.22632 4.27229e-10 -0.0573367 0.785398 5.37559e-06 5.3756e-06 1.39063e-13 1.62146e-05 -1.62146e-05 -5.47391e-15 -1.1546 -0.498625 171.516 195.295 200.611 -21.2427 -89.4931 4.27229e-10 -0.0573367 0.785398 0.00134095 -0.00502855 -0.0119627 0.000913117 0.000243498 8.65116e-11 
2687.62 36.949 36.949 -0.22632 4.27229e-10 -0.0573385 0.785398 5.37428e-06 5.3743e-06 1.39222e-13 1.62146e-05 -1.62146e-05 -2.09418e-15 -1.1546 -0.498626 171.516 195.295 200.611 -21.2427 -89.4931 4.27229e-10 -0.0573385 0.785398 0.00134096 -0.00502857 -0.0119626 0.000913121 0.000243499 8.60157e-11 
2687.72 36.949 36.949 -0.22632 4.27229e-10 -0.0573408 0.785398 5.37265e-06 5.37266e-06 1.39388e-13 1.62146e-05 -1.62146e-05 -2.96991e-15 -1.1546 -0.498627 171.516 195.295 200.611 -21.2427 -89.4931 4.27229e-10 -0.0573408 0.785398 0.00134096 -0.00502856 -0.0119626 0.00091312 0.000243499 8.6034e-11 
2687.81 36.949 36.949 -0.22632 4.27229e-10 -0.0573426 0.785398 5.37135e-06 5.37136e-06 1.39491e-13 1.62146e-05 -1.62146e-05 1.01623e-14 -1.1546 -0.498628 171.516 195.295 200.611 -21.2427 -89.4931 4.27229e-10 -0.0573426 0.785398 0.00134095 -0.00502855 -0.0119627 0.000913117 0.000243498 8.65151e-11 
2687.9 36.949 36.949 -0.22632 4.27229e-10 -0.0573452 0.785398 5.36955e-06 5.36957e-06 1.39638e-13 1.62145e-05 -1.62146e-05 4.3972e-15 -1.15461 -0.498629 171.516 195.295 200.611 -21.2427 -89.4931 4.27229e-10 -0.0573452 0.785398 0.00134095 -0.00502855 -0.0119627 0.000913117 0.000243498 8.65151e-11 
2688 36.949 36.949 -0.22632 4.2723e-10 -0.057347 0.785398 5.36825e-06 5.36826e-06 1.39699e-13 1.62145e-05 -1.62146e-05 6.70985e-15 -1.15461 -0.498629 171.516 195.295 200.611 -21.2427 -89.4931 4.2723e-10 -0.057347 0.785398 0.00134096 -0.00502857 -0.0119626 0.000913121 0.000243499 8.60157e-11 
2688.09 36.949 36.949 -0.22632 4.2723e-10 -0.0573493 0.785398 5.36662e-06 5.36664e-06 1.39715e-13 1.62145e-05 -1.62145e-05 1.43667e-14 -1.15461 -0.49863 171.516 195.295 200.611 -21.2427 -89.4931 4.2723e-10 -0.0573493 0.785398 0.00134096 -0.00502857 -0.0119626 0.000913121 0.000243499 8.60157e-11 
2688.18 36.949 36.949 -0.22632 4.2723e-10 -0.0573511 0.785398 5.36532e-06 5.36533e-06 1.39747e-13 1.62145e-05 -1.62145e-05 1.77413e-15 -1.15461 -0.498631 171.516 195.295 200.611 -21.2427 -89.4931 4.2723e-10 -0.0573511 0.785398 0.00134096 -0.00502856 -0.0119626 0.00091312 0.000243499 8.6021e-11 
2688.27 36.949 36.949 -0.22632 4.27231e-10 -0.0573534 0.785398 5.36369e-06 5.36371e-06 1.39687e-13 1.62145e-05 -1.62145e-05 1.99959e-16 -1.15461 -0.498632 171.516 195.295 200.611 -21.2427 -89.4931 4.27231e-10 -0.0573534 0.785398 0.00134095 -0.00502855 -0.0119627 0.000913117 0.000243498 8.65116e-11 
2688.36 36.949 36.949 -0.22632 4.27231e-10 -0.0573553 0.785398 5.36239e-06 5.3624e-06 1.39573e-13 1.62145e-05 -1.62145e-05 4.16044e-15 -1.15461 -0.498633 171.516 195.295 200.611 -21.2427 -89.4931 4.27231e-10 -0.0573553 0.785398 0.00134095 -0.00502855 -0.0119627 0.000913117 0.000243498 8.65386e-11 
2688.45 36.949 36.949 -0.22632 4.27231e-10 -0.0573575 0.785398 5.36076e-06 5.36078e-06 1.39354e-13 1.62145e-05 -1.62145e-05 3.13029e-15 -1.15461 -0.498634 171.515 195.295 200.611 -21.2427 -89.4931 4.27231e-10 -0.0573575 0.785398 0.00134095 -0.00502856 -0.0119626 0.00091312 0.000243498 8.60339e-11 
2688.54 36.949 36.949 -0.22632 4.27231e-10 -0.0573594 0.785398 5.35946e-06 5.35948e-06 1.39118e-13 1.62145e-05 -1.62145e-05 2.36168e-15 -1.15461 -0.498634 171.515 195.295 200.611 -21.2427 -89.4931 4.27231e-10 -0.0573594 0.785398 0.00134095 -0.00502857 -0.0119626 0.000913121 0.000243498 8.60345e-11 
2688.62 36.949 36.949 -0.22632 4.27232e-10 -0.0573612 0.785398 5.35816e-06 5.35818e-06 1.38925e-13 1.62145e-05 -1.62145e-05 -8.44366e-16 -1.15461 -0.498635 171.515 195.295 200.611 -21.2427 -89.4931 4.27232e-10 -0.0573612 0.785398 0.00134095 -0.00502855 -0.0119627 0.000913118 0.000243498 8.65151e-11 
2688.62 36.949 36.949 -0.22632 4.27232e-10 -0.0573612 0.785398 5.35816e-06 5.35818e-06 1.38925e-13 1.62145e-05 -1.62145e-05 -8.44366e-16 -1.15461 -0.498635 171.515 195.295 200.611 -21.2427 -89.4931 4.27232e-10 -0.0573612 0.785398 0.00134095 -0.00502855 -0.0119627 0.000913118 0.000243498 8.65151e-11 