0 0 0 0 -nan nan -nan 0 0 0 0 0 0 501 0 -15 0 0 0 
16.208 7.64241 2.95014e-08 -0.226996 -2.11432e-10 0.00920538 -1.33065e-09 0.471782 -5.71341e-09 6.21928e-05 2.82291e-11 -0.000379014 1.1815e-10 502 0 -15 0 0 0 
17.108 8.10699 0.0437404 -0.229722 -0.000305105 0.0362971 -0.0117963 0.593239 0.143752 -0.0119464 -0.000131959 0.0732707 -0.0239911 503 0 -15 0 0 0 
18.026 8.71853 0.225385 -0.258637 -0.00213796 0.102321 -0.0357714 0.69633 0.213879 -0.0548941 -0.000908722 0.057413 -0.0276149 504 0 -15 0 0 0 
18.956 9.38855 0.423451 -0.331289 -0.00588162 0.151625 -0.0640793 0.788363 0.222719 -0.104677 -0.00214217 0.0499238 -0.0340015 505 0 -15 0 0 0 
19.876 10.1751 0.631887 -0.453432 -0.0122727 0.192902 -0.100254 0.863539 0.213312 -0.150934 -0.00411861 0.0377454 -0.0395462 506 0 -15 0 0 0 
20.794 10.977 0.814464 -0.605147 -0.0204941 0.221343 -0.139361 0.915528 0.190492 -0.184397 -0.00610473 0.0278515 -0.043352 507 0 -15 0 0 0 
21.694 11.8184 0.971691 -0.782895 -0.03039 0.240099 -0.181857 0.95195 0.157592 -0.208675 -0.00822526 0.0182663 -0.0458671 508 0 -15 0 0 0 
22.63 12.7358 1.10185 -0.989624 -0.0420578 0.250945 -0.229095 0.97768 0.115529 -0.224583 -0.0103107 0.0100972 -0.0474636 509 0 -15 0 0 0 
23.518 13.6234 1.18616 -1.19588 -0.0537397 0.25438 -0.275157 0.993378 0.0714159 -0.23305 -0.012168 0.00374641 -0.0483 510 0 -15 0 0 0 
24.428 14.5222 1.22958 -1.4072 -0.065632 0.25302 -0.321899 1.00339 0.0248686 -0.235642 -0.0131505 0.00106051 -0.0488887 511 0 -15 0 0 0 
25.358 15.4281 1.23042 -1.61965 -0.0774635 0.248073 -0.368973 1.00896 -0.0230808 -0.236267 -0.0142375 -0.00176773 -0.049236 512 0 -15 0 0 0 
26.302 16.3882 1.184 -1.84287 -0.089712 0.240654 -0.418889 1.01161 -0.0746443 -0.233887 -0.0148461 -0.0029977 -0.0495992 513 0 -15 0 0 0 
27.218 17.3494 1.08827 -2.06327 -0.101609 0.231966 -0.469001 1.01156 -0.126882 -0.229581 -0.0149726 -0.00301627 -0.050035 514 0 -15 0 0 0 
28.112 18.2585 0.951598 -2.26897 -0.112506 0.222967 -0.516655 1.00857 -0.176782 -0.226469 -0.0146553 -0.00224788 -0.0505409 515 0 -15 0 0 0 
29.038 19.164 0.769866 -2.47123 -0.123034 0.213793 -0.564537 1.00299 -0.226986 -0.223424 -0.0155154 -0.00357455 -0.0507685 516 0 -15 0 0 0 
29.982 20.1131 0.528914 -2.68104 -0.133741 0.204138 -0.61536 0.994659 -0.280178 -0.218597 -0.0141247 -0.00119005 -0.0515475 517 0 -15 0 0 0 
30.908 21.0036 0.254005 -2.87621 -0.143519 0.195454 -0.663848 0.98375 -0.330599 -0.21506 -0.014096 -0.00103213 -0.0519756 518 0 -15 0 0 0 
31.84 21.9404 -0.150768 -3.08261 -0.1502 0.188916 -0.698317 1.0047 -0.545529 -0.224084 -0.00242521 -0.00186245 -0.00356795 519 0 -15 0 0 0 
32.772 22.9195 -0.82295 -3.30254 -0.150662 0.184719 -0.700828 1.05591 -0.858988 -0.235967 -0.00252513 -0.00627146 0.0110954 520 0 -15 0 0 0 
33.692 23.891 -1.70905 -3.51283 -0.147517 0.176354 -0.683501 1.0919 -1.10727 -0.22599 -0.00189292 -0.0120633 0.0340757 521 0 -15 0 0 0 
34.618 24.9789 -2.816 -3.72428 -0.141708 0.162475 -0.649744 1.18217 -1.22385 -0.213901 0.000763443 -0.0176482 0.0680151 522 0 -15 0 0 0 
35.546 26.0727 -3.9384 -3.90606 -0.13324 0.149403 -0.595574 1.21879 -1.27524 -0.183995 0.00285029 -0.0167776 0.0771091 523 0 -15 0 0 0 
36.458 27.2157 -5.04758 -4.06596 -0.124775 0.136856 -0.53686 1.33447 -1.15926 -0.175134 -0.00385095 -0.0171299 0.0389339 524 0 -15 0 0 0 
37.334 28.4132 -6.09857 -4.20929 -0.114901 0.128059 -0.462571 1.27866 -1.15919 -0.135958 0.00961478 -0.0107492 0.102181 525 0 -15 0 0 0 
38.286 29.6486 -7.11448 -4.33421 -0.104156 0.12229 -0.377267 1.2274 -1.01078 -0.110939 0.0106371 -0.00760725 0.101158 526 0 -15 0 0 0 
39.19 30.7897 -7.91563 -4.43833 -0.0965627 0.117789 -0.314982 1.31181 -0.799708 -0.120892 0.00714616 -0.00636213 0.0723791 527 0 -15 0 0 0 
40.062 31.986 -8.61735 -4.54532 -0.0889075 0.115988 -0.250512 1.31597 -0.782718 -0.111428 0.0108827 -0.00184916 0.0925389 528 0 -15 0 0 0 
40.946 33.1521 -9.20651 -4.64698 -0.0829041 0.113949 -0.199177 1.41032 -0.650182 -0.123255 0.0089698 -0.00304215 0.0801071 529 0 -15 0 0 0 
41.798 34.3379 -9.7412 -4.7464 -0.075803 0.112432 -0.137788 1.41987 -0.574455 -0.118773 0.00534209 -0.00416941 0.0513653 530 0 -15 0 0 0 
42.662 35.6456 -10.2154 -4.85509 -0.0693825 0.109783 -0.0810848 1.47953 -0.48852 -0.121429 0.00862479 -0.00304127 0.0782996 531 0 -15 0 0 0 
43.558 36.9437 -10.5827 -4.96162 -0.0638735 0.106496 -0.0308225 1.55786 -0.409263 -0.124984 0.00674063 -0.00397839 0.0628714 532 0 -15 0 0 0 
44.508 38.4814 -10.8974 -5.08545 -0.058762 0.101394 0.0174977 1.67953 -0.268379 -0.134364 0.00472667 -0.00623406 0.044606 533 0 -15 0 0 0 
45.42 40.1504 -11.0784 -5.21783 -0.0555045 0.0943394 0.0502334 1.83694 -0.11396 -0.143629 0.00342627 -0.00827511 0.0311416 534 0 -15 0 0 0 
46.374 41.9711 -11.1319 -5.35617 -0.0536613 0.085366 0.0704416 1.99495 0.00434861 -0.1464 0.00193896 -0.0101781 0.0142218 535 0 -15 0 0 0 
47.322 43.9356 -11.078 -5.49362 -0.0529775 0.0752872 0.0789481 2.13689 0.104147 -0.142176 0.00117554 -0.0112446 0.00403976 536 0 -15 0 0 0 
48.282 46.0245 -10.9414 -5.6244 -0.052999 0.0651571 0.0787992 2.25683 0.178069 -0.13279 0.000564245 -0.010314 -0.00357549 537 0 -15 0 0 0 
49.246 48.2179 -10.7525 -5.74516 -0.0533383 0.0560943 0.0733078 2.35741 0.219126 -0.121868 0.000125397 -0.00873494 -0.0089063 538 0 -15 0 0 0 
50.208 50.499 -10.5383 -5.85587 -0.0538676 0.048752 0.0632583 2.44177 0.23116 -0.111484 -0.000264993 -0.00657427 -0.0136708 539 0 -15 0 0 0 
51.178 52.9788 -10.3116 -5.96314 -0.0545462 0.0432349 0.0486911 2.51542 0.217176 -0.103422 -0.000460684 -0.00452439 -0.0154494 540 0 -15 0 0 0 
52.132 55.3971 -10.1218 -6.05841 -0.055147 0.0397297 0.0343544 2.57326 0.184857 -0.0978577 -0.00052637 -0.00288778 -0.0155149 541 0 -15 0 0 0 
53.08 57.8653 -9.96789 -6.14924 -0.0556745 0.0374257 0.0208186 2.62095 0.14363 -0.0938382 -0.000491926 -0.00210665 -0.0141343 542 0 -15 0 0 0 
54.042 60.3744 -9.85366 -6.23673 -0.0561182 0.0357774 0.00880453 2.65987 0.0988673 -0.0904157 -0.000406922 -0.00134207 -0.0116058 543 0 -15 0 0 0 
55.008 62.9168 -9.77947 -6.32131 -0.0564687 0.0345562 -0.00109997 2.69131 0.0573636 -0.0875516 -0.000313793 -0.001229 -0.00900451 544 0 -15 0 0 0 
55.966 65.622 -9.74276 -6.40707 -0.0567181 0.0333117 -0.00843833 2.71788 0.0187508 -0.0840612 -0.000211763 -0.00122568 -0.0060484 545 0 -15 0 0 0 
56.94 68.2139 -9.7397 -6.48518 -0.0568654 0.032096 -0.0129238 2.73799 -0.0107307 -0.0804283 -0.000128426 -0.00116863 -0.00352834 546 0 -15 0 0 0 
57.896 70.8229 -9.76107 -6.55984 -0.0569359 0.0308748 -0.0151653 2.75414 -0.0330142 -0.0766875 -5.94656e-05 -0.00130402 -0.00127612 547 0 -15 0 0 0 
58.858 73.4458 -9.79935 -6.63087 -0.0569532 0.029614 -0.0157074 2.7672 -0.0472839 -0.0729353 -1.54649e-05 -0.00132509 0.000239169 548 0 -15 0 0 0 
59.806 76.0799 -9.84779 -6.69842 -0.0569328 0.0283874 -0.0149295 2.77785 -0.0550903 -0.0692607 2.9924e-05 -0.00110939 0.0017027 549 0 -15 0 0 0 
60.772 78.8625 -9.90437 -6.76594 -0.0568777 0.0271554 -0.012807 2.787 -0.0575604 -0.0657298 5.00949e-05 -0.00106632 0.0025732 550 0 -15 0 0 0 
61.738 81.5136 -9.95838 -6.827 -0.0568028 0.026166 -0.00986173 2.79415 -0.055209 -0.0628609 7.40813e-05 -0.0010368 0.00336441 551 0 -15 0 0 0 
62.696 84.171 -10.007 -6.88545 -0.0567261 0.0251705 -0.00671496 2.8001 -0.0481998 -0.0601655 8.07317e-05 -0.000983652 0.00362341 552 0 -15 0 0 0 
63.664 86.9738 -10.0505 -6.94427 -0.0566474 0.0241738 -0.00332173 2.80533 -0.0358805 -0.0574576 7.22711e-06 -0.00103002 0.000754915 553 0 -15 0 0 0 
64.636 89.6408 -10.0818 -6.99777 -0.0565761 0.023245 -0.000224097 2.8094 -0.0280091 -0.0551996 6.57689e-05 -0.000893948 0.0030409 554 0 -15 0 0 0 
65.584 92.3115 -10.1031 -7.04921 -0.0565235 0.0223638 0.00233235 2.81284 -0.0174765 -0.05313 4.87949e-05 -0.00111536 0.00245438 555 0 -15 0 0 0 
66.53 94.9851 -10.1149 -7.09864 -0.0564858 0.0215117 0.00431149 2.81575 -0.00768551 -0.0510314 3.61174e-05 -0.000934917 0.00174652 556 0 -15 0 0 0 
67.504 97.6612 -10.1182 -7.14618 -0.0564616 0.0207268 0.00569935 2.8182 0.000400818 -0.0491052 2.19605e-05 -0.000834399 0.00109889 557 0 -15 0 0 0 
68.468 100.481 -10.1143 -7.19421 -0.0564497 0.0198677 0.006541 2.82042 0.00692443 -0.0470027 1.13923e-05 -0.000834528 0.00055739 558 0 -15 0 0 0 
69.428 103.161 -10.1055 -7.23797 -0.056449 0.0190858 0.00682384 2.82224 0.0114249 -0.045107 1.07673e-06 -0.000760436 4.53704e-05 559 0 -15 0 0 0 
70.4 105.843 -10.0934 -7.28006 -0.0564564 0.0184369 0.00667271 2.82383 0.0138525 -0.0435034 -5.82037e-06 -0.000683073 -0.000313523 560 0 -15 0 0 0 
71.366 108.667 -10.0791 -7.32264 -0.0564686 0.0177509 0.00624013 2.82531 0.0147175 -0.0417585 -1.07354e-05 -0.000656824 -0.000589897 561 0 -15 0 0 0 
72.318 111.352 -10.0653 -7.36153 -0.0564837 0.0171389 0.00560301 2.82658 0.0140021 -0.0400326 -1.6818e-06 -0.000543197 -0.000180193 562 0 -15 0 0 0 
73.272 114.038 -10.0524 -7.39882 -0.0564999 0.0165162 0.00487251 2.82773 0.0127443 -0.0383741 -5.76229e-06 -0.000539024 -0.000387178 563 0 -15 0 0 0 
74.222 116.725 -10.0411 -7.43454 -0.0565163 0.015931 0.0040984 2.8288 0.0108436 -0.0367934 -7.68085e-06 -0.000488719 -0.000471131 564 0 -15 0 0 0 
75.174 119.412 -10.0317 -7.46887 -0.0565322 0.0154217 0.00331991 2.82977 0.00869687 -0.0354578 -1.41706e-05 -0.000505381 -0.000782532 565 0 -15 0 0 0 
76.142 122.101 -10.0248 -7.50185 -0.0565465 0.0149122 0.00261485 2.83068 0.00626871 -0.0340071 -1.39978e-05 -0.000468338 -0.000760282 566 0 -15 0 0 0 
77.098 124.791 -10.0201 -7.53349 -0.0565591 0.0144033 0.00200143 2.83153 0.00366387 -0.0325467 -1.13649e-05 -0.00048719 -0.000592202 567 0 -15 0 0 0 
78.058 127.481 -10.0177 -7.56379 -0.0565699 0.0139495 0.00149492 2.83232 0.00140637 -0.0312407 -9.20008e-06 -0.000471108 -0.000443333 568 0 -15 0 0 0 
79.018 130.314 -10.0175 -7.59435 -0.0565786 0.0135017 0.00113048 2.83311 -0.000836427 -0.0299529 -7.15018e-06 -0.00042363 -0.000278836 569 0 -15 0 0 0 
79.96 133.006 -10.019 -7.62221 -0.0565852 0.0130853 0.000916482 2.83381 -0.00245343 -0.0287267 -5.48851e-06 -0.000419108 -0.000145643 570 0 -15 0 0 0 
80.928 135.698 -10.0219 -7.64893 -0.0565901 0.0126819 0.000826468 2.83448 -0.00363432 -0.0275449 -3.45856e-06 -0.000429764 5.41037e-06 571 0 -15 0 0 0 
81.89 138.391 -10.0257 -7.67452 -0.0565935 0.0122882 0.000856085 2.83511 -0.00423616 -0.0263905 5.25646e-07 -0.000455012 0.000265563 572 0 -15 0 0 0 
82.826 141.085 -10.0301 -7.69906 -0.0565953 0.0119115 0.00102732 2.83572 -0.00476665 -0.0252887 -1.44728e-06 -0.00040052 0.000196346 573 0 -15 0 0 0 
83.734 143.637 -10.0343 -7.72131 -0.0565968 0.0115271 0.00121885 2.83627 -0.00445338 -0.0241904 -2.00716e-06 -0.000333355 0.000171703 574 0 -15 0 0 0 
84.678 146.332 -10.0383 -7.74379 -0.0565982 0.0111589 0.00144455 2.83684 -0.00396165 -0.0230771 -3.5863e-06 -0.000316376 7.77586e-05 575 0 -15 0 0 0 
85.624 149.027 -10.042 -7.76528 -0.0565991 0.0108023 0.00172783 2.83738 -0.00357878 -0.0221484 1.30169e-07 -0.00032987 0.000335314 576 0 -15 0 0 0 
86.586 151.723 -10.0449 -7.78595 -0.0565998 0.0105049 0.00196798 2.83788 -0.00261492 -0.0213536 -1.70666e-06 -0.000295649 0.000204711 577 0 -15 0 0 0 
87.518 154.419 -10.047 -7.80586 -0.0566017 0.0102153 0.00218342 2.83835 -0.00180949 -0.0205509 -2.01775e-06 -0.000275802 0.000179206 578 0 -15 0 0 0 
88.382 156.832 -10.0482 -7.82301 -0.0566036 0.0099324 0.00234674 2.83876 -0.0011221 -0.0197353 -2.79305e-06 -0.000309474 0.000108591 579 0 -15 0 0 0 
89.278 159.387 -10.049 -7.84042 -0.0566059 0.00963298 0.00249414 2.83917 -0.000553857 -0.0188972 -2.36312e-06 -0.000261066 0.000132949 580 0 -15 0 0 0 
90.16 161.942 -10.0491 -7.85709 -0.0566087 0.00933718 0.00260601 2.83958 6.76491e-05 -0.0181596 -1.99416e-06 -0.000359143 0.00013108 581 0 -15 0 0 0 
91.064 164.498 -10.0488 -7.87306 -0.0566118 0.00905609 0.00267675 2.83997 0.000596076 -0.017379 -2.64193e-06 -0.000294154 7.75529e-05 582 0 -15 0 0 0 
91.992 167.054 -10.0481 -7.88837 -0.0566155 0.00878607 0.00270333 2.84035 0.00110761 -0.0166527 -3.8452e-06 -0.000362984 -4.70449e-05 583 0 -15 0 0 0 
92.822 169.469 -10.0471 -7.90222 -0.0566192 0.00854608 0.00268971 2.84069 0.0013083 -0.0159982 -4.34943e-06 -0.000235675 -7.28471e-05 584 0 -15 0 0 0 
93.732 172.026 -10.0458 -7.91636 -0.0566236 0.00833893 0.00262818 2.84104 0.00146587 -0.015467 -4.4027e-06 -0.000256661 -9.95061e-05 585 0 -15 0 0 0 
94.576 174.441 -10.0447 -7.92927 -0.0566275 0.00816158 0.00258099 2.84134 0.0012208 -0.0149581 -4.06352e-06 -0.000181744 -5.73591e-05 586 0 -15 0 0 0 
95.47 176.998 -10.0437 -7.94251 -0.0566318 0.00798481 0.00251472 2.84164 0.00109777 -0.0144486 -4.08677e-06 -0.000201502 -5.54337e-05 587 0 -15 0 0 0 
96.398 179.556 -10.0428 -7.95525 -0.056636 0.00778954 0.00246551 2.84193 0.000896874 -0.0138399 -3.95358e-06 -0.000193012 -4.14515e-05 588 0 -15 0 0 0 
97.306 182.113 -10.042 -7.96748 -0.0566402 0.00757988 0.00240964 2.84221 0.000734058 -0.0132887 -4.73264e-06 -0.000161443 -9.14781e-05 589 0 -15 0 0 0 
98.186 184.672 -10.0414 -7.97924 -0.0566444 0.00740288 0.00234859 2.84248 0.000576175 -0.0128168 -4.12557e-06 -0.000170964 -5.45557e-05 590 0 -15 0 0 0 
99.092 187.23 -10.041 -7.99054 -0.0566486 0.00722372 0.00229043 2.84274 0.000418521 -0.0122993 -4.58423e-06 -0.000219389 -0.00010163 591 0 -15 0 0 0 
100.002 189.788 -10.0407 -8.00138 -0.0566527 0.00704466 0.00224802 2.84299 0.000210401 -0.0118379 -3.83805e-06 -0.000254073 -4.30566e-05 592 0 -15 0 0 0 
100.92 192.489 -10.0406 -8.01233 -0.056657 0.00685155 0.00220038 2.84325 7.84569e-05 -0.0112014 -4.01565e-06 -0.000162702 -3.6377e-05 593 0 -15 0 0 0 
101.858 195.048 -10.0406 -8.02223 -0.0566609 0.00668026 0.00217362 2.84349 -0.000116674 -0.0107971 -3.79339e-06 -0.000238653 -1.97118e-05 594 0 -15 0 0 0 
102.796 197.75 -10.0408 -8.03222 -0.056665 0.0064999 0.00215323 2.84374 -0.000200574 -0.0102509 -3.98388e-06 -0.000173369 -2.81866e-05 595 0 -15 0 0 0 
103.734 200.452 -10.0412 -8.04176 -0.0566689 0.00634873 0.00216533 2.84398 -0.000459216 -0.00985522 -3.82222e-06 -0.00016458 6.13069e-06 596 0 -15 0 0 0 
104.542 202.727 -10.0416 -8.04951 -0.0566721 0.00624204 0.00217881 2.84417 -0.000443838 -0.00951682 -4.22989e-06 -0.000116969 -2.76809e-05 597 0 -15 0 0 0 
105.41 205.287 -10.0419 -8.05792 -0.0566758 0.00611477 0.00219425 2.84437 -0.000530241 -0.00919198 -3.52376e-06 -0.000144148 5.04602e-05 598 0 -15 0 0 0 
106.286 207.704 -10.0423 -8.06559 -0.0566792 0.00600141 0.00221621 2.84455 -0.000525615 -0.00886143 -3.90605e-06 -0.000130966 1.97079e-05 599 0 -15 0 0 0 
107.248 210.407 -10.0427 -8.07387 -0.0566831 0.00589564 0.00223923 2.84473 -0.000433874 -0.00855197 -3.03948e-06 -0.000132273 9.04848e-05 600 0 -15 0 0 0 
108.17 213.109 -10.0431 -8.08181 -0.0566869 0.00576337 0.00226404 2.84491 -0.000230099 -0.0081697 -3.72652e-06 -0.000123426 2.53493e-05 601 0 -15 0 0 0 
109.116 215.812 -10.0433 -8.08938 -0.0566909 0.00560226 0.00227798 2.84509 -7.52646e-05 -0.0077321 -3.63263e-06 -0.00019266 9.67757e-06 602 0 -15 0 0 0 
110.044 218.373 -10.0434 -8.09616 -0.0566946 0.00546874 0.00229183 2.84527 -0.000136177 -0.00735199 -3.6801e-06 -0.000116782 3.07281e-05 603 0 -15 0 0 0 
110.98 221.076 -10.0435 -8.10301 -0.0566984 0.0053645 0.00232656 2.84544 -0.000135785 -0.00706726 -3.94804e-06 -9.68335e-05 1.34629e-05 604 0 -15 0 0 0 
111.93 223.779 -10.0436 -8.10959 -0.0567023 0.00526424 0.0023368 2.8456 2.05716e-05 -0.00678876 -3.91374e-06 -0.000125626 4.16461e-06 605 0 -15 0 0 0 
112.792 226.198 -10.0435 -8.11523 -0.0567059 0.00516322 0.00234054 2.84574 1.56804e-05 -0.00650011 -3.79174e-06 -0.000142581 1.07827e-05 606 0 -15 0 0 0 
113.594 228.475 -10.0435 -8.12033 -0.0567093 0.00506868 0.00233099 2.84587 0.00013183 -0.00623004 -4.41797e-06 -9.84023e-05 -4.39284e-05 607 0 -15 0 0 0 
114.502 231.036 -10.0433 -8.12582 -0.0567132 0.00497012 0.00231875 2.84601 -1.1316e-05 -0.00597477 -3.92215e-06 -0.000120269 4.03869e-06 608 0 -15 0 0 0 
115.456 233.74 -10.0433 -8.13144 -0.056717 0.00492419 0.00233522 2.84614 -0.00012483 -0.00585189 -4.25331e-06 -2.18188e-05 3.60717e-06 609 0 -15 0 0 0 
116.406 236.444 -10.0434 -8.13695 -0.0567211 0.0048758 0.00233373 2.84626 5.72895e-05 -0.00571903 -4.28309e-06 -6.32083e-05 -2.39148e-05 610 0 -15 0 0 0 
117.372 239.29 -10.0433 -8.14256 -0.0567253 0.00479717 0.00233875 2.84637 -8.88951e-06 -0.00545401 -3.6467e-06 -7.14608e-05 5.0405e-05 611 0 -15 0 0 0 
118.312 241.994 -10.0433 -8.14762 -0.0567291 0.00469682 0.00234991 2.84648 -1.95955e-05 -0.00516608 -3.59884e-06 -8.5338e-05 5.49365e-05 612 0 -15 0 0 0 
119.262 244.698 -10.0432 -8.1524 -0.0567331 0.00459429 0.00236367 2.8466 7.95759e-05 -0.00488345 -4.41701e-06 -7.70604e-05 -3.4472e-05 613 0 -15 0 0 0 
120.206 247.26 -10.0431 -8.15672 -0.056737 0.004519 0.00234893 2.8467 0.000228003 -0.00470535 -3.9641e-06 -5.8887e-05 -2.53895e-06 614 0 -15 0 0 0 
121.148 249.965 -10.0429 -8.16111 -0.056741 0.00445499 0.00233582 2.84681 0.000215078 -0.00455032 -4.33305e-06 -8.48117e-05 -5.06461e-05 615 0 -15 0 0 0 
122.092 252.669 -10.0427 -8.16534 -0.0567452 0.00439536 0.00230673 2.84691 0.000185345 -0.00438081 -4.20872e-06 -4.52415e-05 -2.55582e-05 616 0 -15 0 0 0 
123.026 255.374 -10.0426 -8.16941 -0.0567492 0.00433322 0.00229372 2.847 -4.81278e-05 -0.00417935 -3.82905e-06 -5.16564e-05 3.06827e-05 617 0 -15 0 0 0 
123.966 258.079 -10.0427 -8.17328 -0.0567532 0.00424745 0.00228921 2.84709 7.76177e-05 -0.00393023 -4.01572e-06 -0.000117381 -2.1488e-05 618 0 -15 0 0 0 
124.932 260.783 -10.0426 -8.17686 -0.0567573 0.00414467 0.00227789 2.84719 -1.45377e-05 -0.0036421 -3.95901e-06 -9.35987e-05 -1.49266e-06 619 0 -15 0 0 0 
125.868 263.488 -10.0427 -8.18022 -0.0567613 0.00407495 0.00228096 2.84729 3.93512e-06 -0.00345461 -4.37849e-06 -5.55346e-05 -4.49506e-05 620 0 -15 0 0 0 
126.81 266.193 -10.0428 -8.18345 -0.0567652 0.00403576 0.0022901 2.84739 -9.13337e-05 -0.00336618 -4.25802e-06 -1.71725e-05 -1.07566e-05 621 0 -15 0 0 0 
127.74 268.756 -10.0429 -8.18646 -0.056769 0.00401653 0.00228916 2.84746 -0.000110088 -0.00329686 -4.09293e-06 -4.27147e-05 5.98156e-06 622 0 -15 0 0 0 
128.692 271.461 -10.043 -8.18954 -0.0567729 0.00397671 0.00229655 2.84753 -0.000155455 -0.00318525 -3.93634e-06 -4.06013e-05 3.18718e-05 623 0 -15 0 0 0 
129.63 274.166 -10.0431 -8.1925 -0.0567769 0.00393175 0.00230919 2.84759 -0.000105167 -0.00306737 -4.13491e-06 -7.70577e-05 -8.29269e-06 624 0 -15 0 0 0 
130.598 276.871 -10.0431 -8.19532 -0.056781 0.00387565 0.00229836 2.84766 2.99201e-06 -0.00290739 -4.15448e-06 -4.93766e-05 -1.68823e-05 625 0 -15 0 0 0 
131.548 279.577 -10.0432 -8.19803 -0.056785 0.00384613 0.0023029 2.84772 -4.61611e-05 -0.00282528 -4.14858e-06 -1.904e-05 7.32442e-06 626 0 -15 0 0 0 
132.502 282.282 -10.0432 -8.20067 -0.056789 0.00381246 0.00230181 2.84778 -0.000116928 -0.00272359 -3.89924e-06 -5.75814e-05 3.65846e-05 627 0 -15 0 0 0 
133.462 285.13 -10.0433 -8.20334 -0.0567931 0.00377496 0.00231195 2.84784 -0.000109338 -0.00261254 -3.90409e-06 -2.52101e-05 3.93133e-05 628 0 -15 0 0 0 
134.432 287.835 -10.0434 -8.20579 -0.056797 0.00375754 0.00233803 2.84789 -0.000125387 -0.00257289 -3.95925e-06 -2.68158e-06 4.11458e-05 629 0 -15 0 0 0 
135.386 290.541 -10.0435 -8.20819 -0.056801 0.00372754 0.00235702 2.84793 7.86685e-05 -0.00248052 -4.15625e-06 -3.90608e-05 -2.48325e-06 630 0 -15 0 0 0 
136.362 293.389 -10.0434 -8.2106 -0.0568053 0.00367628 0.00234491 2.84798 0.000122282 -0.00233613 -4.03131e-06 -4.52327e-05 8.28364e-06 631 0 -15 0 0 0 
137.322 296.094 -10.0432 -8.21274 -0.0568093 0.00361993 0.00233119 2.84803 0.000167553 -0.00218028 -4.09266e-06 -5.96561e-05 -1.06074e-05 632 0 -15 0 0 0 
138.282 298.8 -10.0431 -8.21473 -0.0568134 0.00356228 0.00231492 2.84808 8.15426e-05 -0.00202041 -3.79387e-06 -6.88017e-05 3.20999e-05 633 0 -15 0 0 0 
139.244 301.506 -10.043 -8.2166 -0.0568174 0.00352665 0.00230448 2.84814 2.33217e-05 -0.00192677 -4.19234e-06 -2.50891e-05 -1.15366e-05 634 0 -15 0 0 0 
140.202 304.212 -10.043 -8.21841 -0.0568214 0.00350775 0.00230065 2.84819 -8.94648e-06 -0.00186461 -4.248e-06 -2.26472e-05 -1.38245e-05 635 0 -15 0 0 0 
141.176 307.06 -10.0431 -8.22025 -0.0568256 0.00348366 0.00230804 2.84823 -0.000105237 -0.0017953 -4.1589e-06 -4.44516e-05 2.80385e-07 636 0 -15 0 0 0 
142.128 309.766 -10.0432 -8.22191 -0.0568296 0.00345165 0.00231422 2.84827 -9.36479e-05 -0.00170024 -4.17533e-06 -3.37554e-05 1.04644e-06 637 0 -15 0 0 0 
143.09 312.471 -10.0432 -8.22349 -0.0568336 0.00342635 0.00232793 2.84832 -1.98919e-05 -0.00163671 -4.3737e-06 -3.12168e-05 -2.37929e-05 638 0 -15 0 0 0 
144.05 315.177 -10.0432 -8.225 -0.0568376 0.0033949 0.00232073 2.84835 8.21822e-05 -0.00155266 -4.14199e-06 -1.81393e-05 -6.25817e-06 639 0 -15 0 0 0 
144.998 317.883 -10.0432 -8.22646 -0.0568417 0.00338495 0.00231821 2.84839 4.93827e-05 -0.00153873 -4.1545e-06 -5.85933e-06 3.34523e-06 640 0 -15 0 0 0 
145.946 320.589 -10.0432 -8.22789 -0.0568457 0.00337128 0.00231666 2.84842 -2.94513e-06 -0.00149048 -4.11859e-06 -1.94466e-05 -8.27444e-07 641 0 -15 0 0 0 
146.906 323.295 -10.0432 -8.22928 -0.0568496 0.00335493 0.00232127 2.84845 -2.20519e-05 -0.00143005 -4.2638e-06 -2.97259e-05 -1.94878e-05 642 0 -15 0 0 0 
147.864 326.144 -10.0432 -8.23066 -0.0568539 0.00331795 0.00231194 2.84848 0.000100347 -0.00133597 -4.05224e-06 -3.62792e-05 5.62057e-07 643 0 -15 0 0 0 
148.83 328.85 -10.0431 -8.23188 -0.056858 0.00328375 0.00229945 2.84851 2.66913e-05 -0.00123486 -4.00106e-06 -1.81478e-05 1.62533e-05 644 0 -15 0 0 0 
149.782 331.556 -10.0432 -8.23306 -0.0568619 0.00328293 0.00231391 2.84854 -0.000163035 -0.00123852 -4.01196e-06 -2.40277e-06 4.07597e-05 645 0 -15 0 0 0 
150.74 334.262 -10.0433 -8.23423 -0.0568659 0.00327792 0.00232292 2.84856 -7.80606e-06 -0.00122435 -4.48765e-06 -1.82933e-05 -4.09393e-05 646 0 -15 0 0 0 
151.702 336.968 -10.0433 -8.23536 -0.05687 0.00325657 0.00232057 2.84859 2.14348e-05 -0.00115721 -4.19118e-06 -3.20244e-05 -7.78071e-06 647 0 -15 0 0 0 
152.67 339.817 -10.0433 -8.23647 -0.0568742 0.00322708 0.00232087 2.84861 7.94854e-06 -0.0010759 -4.13855e-06 -1.23263e-05 5.10615e-06 648 0 -15 0 0 0 
153.622 342.523 -10.0433 -8.2375 -0.0568782 0.00322418 0.00232198 2.84863 1.65893e-05 -0.0010696 -4.29767e-06 -2.21983e-05 -1.92444e-05 649 0 -15 0 0 0 
154.572 345.229 -10.0433 -8.2385 -0.0568823 0.00320884 0.00230161 2.84865 4.31464e-05 -0.00103476 -3.81912e-06 -2.1335e-05 3.214e-05 650 0 -15 0 0 0 
155.53 347.935 -10.0433 -8.23944 -0.0568862 0.00318533 0.00231552 2.84868 -8.60159e-05 -0.000948489 -4.20752e-06 -3.47204e-05 -6.28475e-06 651 0 -15 0 0 0 
156.468 350.642 -10.0434 -8.24028 -0.0568902 0.00314512 0.00232737 2.8487 1.04759e-05 -0.000837375 -4.21571e-06 -2.6357e-05 -9.38421e-06 652 0 -15 0 0 0 
157.424 353.348 -10.0434 -8.24104 -0.0568942 0.0031258 0.00234147 2.84873 -5.29626e-05 -0.000789222 -4.21134e-06 2.99109e-07 1.22473e-05 653 0 -15 0 0 0 
158.376 356.054 -10.0434 -8.2418 -0.0568983 0.0031277 0.00232767 2.84875 0.000113725 -0.000811062 -4.12972e-06 4.86611e-06 4.05244e-06 654 0 -15 0 0 0 
159.35 358.761 -10.0434 -8.24257 -0.0569022 0.00312946 0.00233478 2.84877 5.34476e-06 -0.000805295 -4.42289e-06 -1.9149e-06 -2.67076e-05 655 0 -15 0 0 0 
160.306 361.467 -10.0433 -8.24332 -0.0569063 0.00311339 0.00231758 2.84879 9.57252e-05 -0.000754004 -3.88019e-06 -2.02734e-05 2.00796e-05 656 0 -15 0 0 0 
161.262 364.316 -10.0433 -8.24406 -0.0569105 0.00309866 0.00230758 2.8488 -6.67468e-07 -0.000717162 -4.24371e-06 -2.15094e-05 -1.22478e-05 657 0 -15 0 0 0 
162.196 366.88 -10.0433 -8.24467 -0.0569143 0.00307668 0.002314 2.84882 -0.000113314 -0.000645466 -3.93471e-06 -3.88393e-06 3.98916e-05 658 0 -15 0 0 0 
163.12 369.586 -10.0434 -8.24526 -0.0569183 0.00305877 0.00232541 2.84884 -6.35571e-05 -0.000597393 -4.15614e-06 -9.47464e-06 5.2135e-06 659 0 -15 0 0 0 
164.03 372.15 -10.0434 -8.24577 -0.056922 0.00304253 0.00233338 2.84886 -3.39278e-05 -0.00055083 -4.49404e-06 -2.38915e-05 -4.18491e-05 660 0 -15 0 0 0 
164.966 374.856 -10.0434 -8.24631 -0.056926 0.00305148 0.0023353 2.84888 3.86141e-05 -0.000592151 -4.4405e-06 2.63787e-05 -2.82618e-05 661 0 -15 0 0 0 
165.918 377.563 -10.0434 -8.24689 -0.05693 0.00306004 0.00233755 2.84888 2.49974e-06 -0.00060504 -4.25039e-06 -1.1615e-05 -4.6394e-06 662 0 -15 0 0 0 
166.85 380.127 -10.0434 -8.24743 -0.0569339 0.00305361 0.00232887 2.84889 7.31233e-05 -0.000593899 -4.26619e-06 -1.43022e-05 -1.38772e-05 663 0 -15 0 0 0 
167.78 382.833 -10.0434 -8.24797 -0.0569378 0.00304216 0.00233936 2.8489 -3.08541e-05 -0.000553053 -4.15191e-06 -1.14106e-05 1.31755e-05 664 0 -15 0 0 0 
168.736 385.54 -10.0434 -8.24845 -0.0569418 0.00301315 0.00234018 2.84892 3.32701e-06 -0.000463782 -4.1343e-06 -2.3943e-05 1.12421e-05 665 0 -15 0 0 0 
169.688 388.246 -10.0432 -8.24886 -0.056946 0.00299136 0.00231411 2.84893 0.000135079 -0.000418283 -4.21792e-06 -1.0806e-05 -6.93287e-06 666 0 -15 0 0 0 
170.636 390.953 -10.0433 -8.24926 -0.0569499 0.0029958 0.00232583 2.84895 -4.37904e-05 -0.000430832 -4.21358e-06 7.0795e-06 5.67994e-06 667 0 -15 0 0 0 
171.588 393.659 -10.0433 -8.24968 -0.0569539 0.00300169 0.00233625 2.84896 -6.38211e-05 -0.000445295 -4.32657e-06 5.57705e-06 5.74657e-08 668 0 -15 0 0 0 
172.534 396.366 -10.0433 -8.25012 -0.056958 0.00300635 0.00231788 2.84896 6.98398e-05 -0.000463831 -4.10158e-06 -1.36323e-06 -8.79986e-06 669 0 -15 0 0 0 
173.502 399.072 -10.0433 -8.25055 -0.0569619 0.00300485 0.00232915 2.84897 -7.68126e-05 -0.000453132 -4.22214e-06 -9.73003e-06 1.38725e-05 670 0 -15 0 0 0 
174.458 401.779 -10.0433 -8.25097 -0.056966 0.00300278 0.00231608 2.84897 -3.79529e-05 -0.000452552 -4.01985e-06 1.12091e-05 3.12642e-05 671 0 -15 0 0 0 
175.418 404.628 -10.0433 -8.25144 -0.0569703 0.00300628 0.00231192 2.84897 1.41386e-05 -0.000459427 -4.16363e-06 -1.25728e-05 -1.20381e-06 672 0 -15 0 0 0 
176.376 407.334 -10.0433 -8.25186 -0.0569743 0.00299455 0.00230857 2.84898 2.65667e-05 -0.000421548 -4.47417e-06 -1.90944e-05 -4.95284e-05 673 0 -15 0 0 0 
177.35 410.041 -10.0433 -8.25224 -0.0569783 0.0029842 0.00231415 2.84898 -0.000103363 -0.000391981 -4.22201e-06 -3.47311e-06 5.42892e-06 674 0 -15 0 0 0 
178.316 412.89 -10.0435 -8.25262 -0.0569825 0.00297559 0.00233097 2.84899 -6.67615e-05 -0.000364583 -4.27206e-06 -2.78821e-05 -7.46699e-06 675 0 -15 0 0 0 
179.276 415.596 -10.0435 -8.25291 -0.0569865 0.00294449 0.00233068 2.849 -5.78122e-05 -0.00026724 -4.10778e-06 -4.38592e-05 1.41144e-05 676 0 -15 0 0 0 
180.24 418.303 -10.0434 -8.25317 -0.0569906 0.00293964 0.0023171 2.84902 6.07634e-05 -0.000281445 -4.15565e-06 4.22236e-07 3.8979e-06 677 0 -15 0 0 0 
181.212 421.152 -10.0435 -8.25347 -0.0569948 0.00295373 0.00232476 2.84902 -0.000114557 -0.000306184 -4.34126e-06 1.49088e-05 3.54339e-06 678 0 -15 0 0 0 
182.158 423.716 -10.0435 -8.25378 -0.0569987 0.00297564 0.00232583 2.84902 3.07686e-05 -0.00038693 -4.67737e-06 1.60445e-05 -5.80777e-05 679 0 -15 0 0 0 
183.104 426.423 -10.0435 -8.25413 -0.0570027 0.00296919 0.00231545 2.84902 6.57974e-05 -0.000347463 -4.39439e-06 -4.35649e-06 -3.04117e-05 680 0 -15 0 0 0 
184.066 429.272 -10.0435 -8.25445 -0.057007 0.00294087 0.00230467 2.84903 8.00714e-05 -0.00026469 -4.21999e-06 -4.20356e-05 -2.32089e-05 681 0 -15 0 0 0 
185.03 431.978 -10.0435 -8.25465 -0.057011 0.00291048 0.00231346 2.84904 -0.000164081 -0.000165063 -3.94671e-06 -2.07685e-05 5.27403e-05 682 0 -15 0 0 0 
185.974 434.685 -10.0436 -8.25479 -0.057015 0.0028968 0.00232502 2.84906 -7.65273e-05 -0.000137918 -3.97717e-06 -7.64519e-06 3.61704e-05 683 0 -15 0 0 0 
186.922 437.391 -10.0437 -8.25494 -0.057019 0.00290048 0.00232821 2.84907 -7.40631e-05 -0.000156838 -4.18016e-06 1.26481e-05 2.45051e-05 684 0 -15 0 0 0 
187.858 439.956 -10.0437 -8.25509 -0.0570228 0.00291179 0.00233676 2.84908 3.94695e-06 -0.000195897 -4.4089e-06 -2.61255e-07 -2.65546e-05 685 0 -15 0 0 0 
188.816 442.805 -10.0437 -8.2553 -0.057027 0.00291929 0.00234127 2.84908 -4.26742e-05 -0.000211634 -4.29093e-06 -7.36339e-06 -6.42733e-06 686 0 -15 0 0 0 
189.78 445.511 -10.0437 -8.2555 -0.057031 0.00292096 0.00233616 2.84908 5.03516e-05 -0.000220117 -4.07231e-06 -1.31212e-05 1.75452e-05 687 0 -15 0 0 0 
190.744 448.218 -10.0437 -8.25566 -0.057035 0.00289249 0.00234394 2.84909 -2.34167e-05 -0.00011537 -4.20786e-06 -3.1042e-05 2.62215e-06 688 0 -15 0 0 0 
191.718 451.067 -10.0437 -8.25577 -0.0570393 0.00288226 0.00234555 2.8491 1.04728e-05 -0.000106056 -4.27997e-06 -9.5053e-06 -6.7268e-06 689 0 -15 0 0 0 
192.68 453.774 -10.0436 -8.25588 -0.0570433 0.00288933 0.00234049 2.84911 2.56039e-05 -0.000135933 -4.39679e-06 1.74432e-05 -5.83064e-06 690 0 -15 0 0 0 
193.64 456.48 -10.0436 -8.25605 -0.0570474 0.0029161 0.00233185 2.8491 2.95201e-05 -0.000217288 -4.26732e-06 3.58132e-05 5.41708e-06 691 0 -15 0 0 0 
194.606 459.187 -10.0435 -8.25627 -0.0570514 0.0029244 0.00232317 2.8491 6.62199e-05 -0.000228133 -4.26348e-06 -1.05604e-05 -1.64494e-05 692 0 -15 0 0 0 
195.562 462.036 -10.0435 -8.25647 -0.0570557 0.00290663 0.00231966 2.8491 8.50928e-06 -0.00016607 -4.32663e-06 -2.90286e-05 -2.218e-05 693 0 -15 0 0 0 
196.532 464.743 -10.0436 -8.25659 -0.0570597 0.00288842 0.00232156 2.8491 -5.02619e-06 -0.000123769 -4.24361e-06 9.33258e-07 -4.80672e-06 694 0 -15 0 0 0 
197.482 467.449 -10.0436 -8.25672 -0.0570637 0.00289433 0.00232463 2.84911 -2.37439e-05 -0.000140872 -4.40002e-06 3.11235e-06 -2.2027e-05 695 0 -15 0 0 0 
198.434 470.156 -10.0436 -8.25686 -0.0570677 0.00289394 0.00231569 2.84911 3.50649e-05 -0.000142897 -4.25568e-06 3.75932e-06 -5.7688e-06 696 0 -15 0 0 0 
199.41 473.005 -10.0436 -8.25702 -0.0570719 0.00290422 0.00232335 2.84911 -8.32798e-05 -0.000168593 -4.16271e-06 1.61461e-05 1.97811e-05 697 0 -15 0 0 0 
200.37 475.712 -10.0437 -8.25719 -0.0570758 0.00291263 0.00234128 2.84911 -0.00012505 -0.000182606 -4.15105e-06 2.86405e-06 2.97211e-05 698 0 -15 0 0 0 
201.328 478.418 -10.0438 -8.25737 -0.0570799 0.00290673 0.0023435 2.84911 -9.81783e-07 -0.000167003 -4.13523e-06 -9.30737e-06 1.5234e-05 699 0 -15 0 0 0 
202.28 481.125 -10.0437 -8.25752 -0.057084 0.00289132 0.00232967 2.84911 9.3591e-05 -0.000118561 -4.15156e-06 -3.18453e-05 -3.81844e-06 700 0 -15 0 0 0 
203.238 483.832 -10.0437 -8.25761 -0.0570879 0.00287829 0.00232999 2.84911 -5.04279e-05 -9.41521e-05 -4.07067e-06 1.36912e-05 3.42836e-05 701 0 -15 0 0 0 
204.204 486.538 -10.0436 -8.25771 -0.0570921 0.00288338 0.00231451 2.84912 8.92395e-05 -0.00012004 -4.19799e-06 7.6188e-07 -4.82945e-06 702 0 -15 0 0 0 
205.164 489.388 -10.0437 -8.25784 -0.0570963 0.00289113 0.00232661 2.84912 7.08041e-06 -0.000133672 -4.38136e-06 6.08106e-06 -2.33701e-05 703 0 -15 0 0 0 
206.112 492.094 -10.0438 -8.25796 -0.0571002 0.00289043 0.00233876 2.84912 -0.000107439 -0.00011652 -3.80675e-06 -5.29546e-07 4.78164e-05 704 0 -15 0 0 0 
207.07 494.801 -10.0438 -8.25808 -0.0571041 0.00289754 0.0023508 2.84912 -7.06344e-05 -0.000153586 -4.34366e-06 1.83032e-05 6.2906e-06 705 0 -15 0 0 0 
208.028 497.508 -10.0438 -8.25827 -0.0571082 0.00292033 0.00234136 2.84911 -1.96911e-06 -0.000219401 -4.19767e-06 9.20436e-06 1.10308e-05 706 0 -15 0 0 0 
208.99 500.214 -10.0438 -8.25848 -0.0571122 0.00292814 0.00235651 2.84911 -1.63279e-05 -0.000231545 -4.09245e-06 -1.35457e-05 2.63787e-05 707 0 -15 0 0 0 
209.946 502.921 -10.0438 -8.25869 -0.0571163 0.00291439 0.002356 2.8491 0.000106578 -0.00019184 -4.29521e-06 -1.15068e-05 -1.54504e-05 708 0 -15 0 0 0 
210.908 505.627 -10.0437 -8.25885 -0.0571203 0.00289461 0.00234682 2.8491 4.39412e-05 -0.000131097 -4.28547e-06 -4.27651e-05 -1.71016e-05 709 0 -15 0 0 0 
211.87 508.477 -10.0436 -8.25895 -0.0571246 0.00287663 0.00233206 2.84911 0.00011475 -9.30094e-05 -4.27108e-06 -1.06197e-05 -1.75201e-05 710 0 -15 0 0 0 
212.828 511.183 -10.0435 -8.25902 -0.0571286 0.00286008 0.00233571 2.84912 -7.1429e-05 -2.79974e-05 -4.07324e-06 -1.62059e-05 2.73329e-05 711 0 -15 0 0 0 
213.792 513.89 -10.0435 -8.25903 -0.0571328 0.00284588 0.00233246 2.84913 2.1243e-05 -3.2385e-06 -4.37179e-06 4.51132e-06 -1.8403e-05 712 0 -15 0 0 0 
214.758 516.597 -10.0436 -8.25902 -0.0571368 0.00284292 0.0023402 2.84914 -4.76052e-05 5.44128e-06 -4.49059e-06 8.25193e-06 -2.81856e-05 713 0 -15 0 0 0 
215.716 519.446 -10.0436 -8.25904 -0.057141 0.00286179 0.00234208 2.84915 -1.94769e-05 -5.49259e-05 -4.42979e-06 2.17852e-05 -1.49869e-05 714 0 -15 0 0 0 
216.68 522.152 -10.0436 -8.25911 -0.0571451 0.00287894 0.00234269 2.84915 5.08507e-05 -0.000107502 -4.14991e-06 1.80917e-05 1.38801e-05 715 0 -15 0 0 0 
217.626 524.859 -10.0435 -8.25922 -0.0571492 0.00288422 0.00233177 2.84914 4.81431e-05 -0.000115015 -4.11313e-06 4.61755e-07 1.05488e-05 716 0 -15 0 0 0 
218.578 527.566 -10.0435 -8.25933 -0.0571533 0.00287914 0.00232376 2.84914 8.66132e-05 -9.61292e-05 -4.35145e-06 -1.31861e-05 -2.66647e-05 717 0 -15 0 0 0 
219.548 530.273 -10.0435 -8.25942 -0.0571573 0.00288037 0.00231838 2.84914 -4.71685e-05 -0.000106001 -4.24131e-06 1.15134e-05 2.91325e-06 718 0 -15 0 0 0 
220.496 532.979 -10.0435 -8.25954 -0.0571613 0.00289346 0.00232054 2.84914 -9.23111e-05 -0.000141002 -4.11305e-06 5.06287e-06 2.89159e-05 719 0 -15 0 0 0 
221.452 535.686 -10.0436 -8.25966 -0.0571653 0.00288337 0.00233392 2.84913 -8.87033e-05 -9.09034e-05 -4.09221e-06 -3.05887e-05 1.66427e-05 720 0 -15 0 0 0 
222.412 538.535 -10.0437 -8.2597 -0.0571695 0.00284804 0.00234305 2.84914 -5.9178e-05 1.54832e-05 -4.09225e-06 -3.79233e-05 1.68486e-05 721 0 -15 0 0 0 
223.38 541.242 -10.0437 -8.25966 -0.0571736 0.00282996 0.00234434 2.84915 0.000109407 3.87646e-05 -4.38436e-06 1.93361e-06 -3.09303e-05 722 0 -15 0 0 0 
224.348 543.948 -10.0436 -8.25964 -0.0571776 0.00283866 0.00233726 2.84916 5.87629e-05 1.18016e-05 -4.334e-06 5.19454e-06 -1.46697e-05 723 0 -15 0 0 0 
225.312 546.798 -10.0436 -8.25967 -0.0571819 0.00286371 0.00233249 2.84916 3.68364e-05 -6.85286e-05 -4.78447e-06 3.7233e-05 3.96348e-07 724 0 -15 0 0 0 
226.268 549.504 -10.0436 -8.25976 -0.0571861 0.00288764 0.00232517 2.84916 6.88982e-05 -0.000142042 -4.25874e-06 2.57946e-05 -4.20567e-06 725 0 -15 0 0 0 
227.228 552.211 -10.0436 -8.25989 -0.0571901 0.00289169 0.00233031 2.84915 -8.56373e-05 -0.000124607 -4.2253e-06 7.24786e-06 7.97365e-06 726 0 -15 0 0 0 
228.186 554.918 -10.0436 -8.26 -0.0571941 0.00288018 0.00232128 2.84914 3.2754e-05 -9.59389e-05 -4.05061e-06 -4.48828e-06 2.13825e-05 727 0 -15 0 0 0 
229.138 557.624 -10.0437 -8.26007 -0.0571981 0.00286228 0.0023278 2.84915 -4.03964e-05 -3.7281e-05 -4.07277e-06 -1.87032e-05 2.40393e-05 728 0 -15 0 0 0 
230.088 560.331 -10.0436 -8.26009 -0.0572022 0.00284994 0.00231782 2.84915 1.75968e-05 -1.14955e-05 -4.24168e-06 -1.29008e-05 -1.67509e-05 729 0 -15 0 0 0 
231.048 563.038 -10.0437 -8.26011 -0.0572062 0.00285712 0.00231926 2.84915 -0.000109889 -3.46255e-05 -4.0902e-06 1.41341e-05 3.11375e-05 730 0 -15 0 0 0 
232.006 565.744 -10.0438 -8.26014 -0.0572102 0.00285913 0.00233938 2.84916 -0.000205064 -3.22482e-05 -4.25035e-06 6.15303e-06 2.74235e-05 731 0 -15 0 0 0 
232.968 568.594 -10.0439 -8.26018 -0.0572145 0.00285822 0.00234628 2.84916 -4.94587e-05 -2.59836e-05 -4.33485e-06 -2.15529e-05 4.29235e-06 732 0 -15 0 0 0 
233.918 571.3 -10.0439 -8.26019 -0.0572186 0.00284607 0.00235023 2.84916 5.23292e-05 3.9505e-06 -4.2445e-06 -2.07477e-05 -1.11129e-05 733 0 -15 0 0 0 
234.886 574.007 -10.0439 -8.26015 -0.0572226 0.0028273 0.00236046 2.84917 7.43212e-06 5.77808e-05 -4.15947e-06 -7.79963e-06 1.64346e-05 734 0 -15 0 0 0 
235.852 576.714 -10.0438 -8.26013 -0.0572266 0.00284072 0.00235853 2.84917 -3.33454e-05 1.43191e-05 -4.11438e-06 8.2751e-06 3.56535e-05 735 0 -15 0 0 0 
236.816 579.563 -10.0438 -8.2601 -0.0572309 0.00283381 0.00235454 2.84918 0.000115836 3.53086e-05 -4.56216e-06 -1.74709e-05 -5.45284e-05 736 0 -15 0 0 0 
237.778 582.27 -10.0438 -8.26005 -0.0572349 0.00282538 0.00236141 2.84918 6.93177e-05 5.72871e-05 -4.09719e-06 -1.59134e-05 1.84976e-05 737 0 -15 0 0 0 
238.742 584.976 -10.0437 -8.26002 -0.057239 0.00284273 0.00236024 2.84919 8.67689e-05 -3.6692e-06 -4.65446e-06 3.55189e-05 -4.9399e-05 738 0 -15 0 0 0 
239.702 587.683 -10.0436 -8.26006 -0.0572431 0.00286332 0.00234711 2.84918 0.000111402 -6.28532e-05 -4.64807e-06 2.06086e-05 -4.72689e-05 739 0 -15 0 0 0 
240.654 590.39 -10.0435 -8.26013 -0.0572471 0.00287794 0.00234029 2.84917 -3.40876e-05 -9.93331e-05 -4.42445e-06 2.09938e-05 -1.84933e-05 740 0 -15 0 0 0 
241.61 593.239 -10.0435 -8.26025 -0.0572513 0.00288484 0.00234742 2.84916 -7.34287e-05 -0.000103442 -4.31169e-06 -8.99347e-06 1.07869e-06 741 0 -15 0 0 0 
242.576 595.946 -10.0435 -8.26035 -0.0572554 0.00287688 0.00234177 2.84916 1.71282e-05 -7.94573e-05 -4.08462e-06 -3.65673e-05 1.5112e-05 742 0 -15 0 0 0 
243.534 598.652 -10.0435 -8.26038 -0.0572594 0.00284837 0.00234641 2.84916 -3.0002e-05 1.03763e-05 -4.32112e-06 -3.14816e-05 -2.18716e-05 743 0 -15 0 0 0 
244.494 601.359 -10.0434 -8.26035 -0.0572635 0.00282366 0.00232638 2.84917 4.44074e-05 6.53867e-05 -4.18966e-06 -1.85756e-05 1.38103e-05 744 0 -15 0 0 0 
245.458 604.066 -10.0434 -8.26028 -0.0572676 0.00282108 0.00231945 2.84918 -4.00207e-06 6.35067e-05 -4.40651e-06 1.7176e-05 -8.35723e-06 745 0 -15 0 0 0 
246.432 606.915 -10.0435 -8.26023 -0.0572719 0.00283341 0.00231367 2.84918 -4.78926e-05 2.59692e-05 -4.26025e-06 1.7923e-05 1.54007e-05 746 0 -15 0 0 0 
247.378 609.622 -10.0435 -8.26021 -0.0572759 0.00284444 0.0023223 2.84918 -0.000105581 -1.5406e-06 -4.3048e-06 2.38335e-05 5.80733e-06 747 0 -15 0 0 0 
248.346 612.328 -10.0436 -8.26023 -0.0572799 0.00285792 0.00232749 2.84918 -0.000156169 -3.66995e-05 -4.17208e-06 2.57957e-05 2.88812e-05 748 0 -15 0 0 0 
249.308 615.035 -10.0437 -8.2603 -0.0572839 0.00288069 0.00233949 2.84917 -4.39863e-05 -0.000103868 -4.23369e-06 -6.45729e-06 8.61315e-07 749 0 -15 0 0 0 
250.266 617.884 -10.0438 -8.26042 -0.0572881 0.00289472 0.00236234 2.84916 -0.000164364 -0.000133961 -4.29281e-06 9.50315e-06 2.0415e-05 750 0 -15 0 0 0 
251.2 620.449 -10.0438 -8.26055 -0.057292 0.00289639 0.00236428 2.84915 3.62331e-05 -0.000138879 -4.22931e-06 1.32166e-05 1.00676e-05 751 0 -15 0 0 0 
252.136 623.155 -10.0438 -8.26064 -0.057296 0.00287232 0.00236106 2.84915 0.000133425 -7.07143e-05 -4.32046e-06 -3.48815e-05 -3.71536e-05 752 0 -15 0 0 0 
253.082 625.862 -10.0437 -8.26068 -0.0573 0.00285362 0.0023676 2.84915 6.88486e-05 -1.25987e-05 -4.54144e-06 -3.18924e-05 -5.25641e-05 753 0 -15 0 0 0 
254.042 628.569 -10.0436 -8.26064 -0.0573041 0.00281912 0.00235914 2.84916 9.74796e-05 8.52385e-05 -4.61051e-06 -2.06713e-05 -6.30312e-05 754 0 -15 0 0 0 
254.986 631.275 -10.0435 -8.26056 -0.0573083 0.00281551 0.00233458 2.84917 0.000113193 7.21929e-05 -4.03945e-06 6.11752e-06 2.5471e-05 755 0 -15 0 0 0 
255.944 633.982 -10.0435 -8.2605 -0.0573123 0.00282528 0.00233383 2.84918 8.13122e-05 4.65729e-05 -4.51014e-06 -2.82679e-06 -4.5503e-05 756 0 -15 0 0 0 
256.912 636.831 -10.0434 -8.26045 -0.0573166 0.00282355 0.00233177 2.84919 -0.000102806 7.18327e-05 -4.04698e-06 -1.30738e-05 4.13041e-05 757 0 -15 0 0 0 
257.876 639.538 -10.0435 -8.26039 -0.0573207 0.00282755 0.00232606 2.84919 4.82584e-05 4.14156e-05 -4.4045e-06 -2.54037e-06 -3.32966e-05 758 0 -15 0 0 0 
258.82 642.245 -10.0435 -8.26038 -0.0573247 0.00285221 0.00232054 2.84919 -7.93639e-05 -2.87357e-05 -4.04501e-06 4.6027e-05 2.53286e-05 759 0 -15 0 0 0 
259.784 644.951 -10.0436 -8.26042 -0.0573286 0.00285856 0.00233038 2.84918 -0.000152233 -2.58414e-05 -3.94747e-06 -4.23042e-06 5.33958e-05 760 0 -15 0 0 0 
260.748 647.658 -10.0436 -8.26044 -0.0573328 0.00285062 0.00232768 2.84918 1.05865e-05 -1.01072e-05 -4.20905e-06 4.08559e-06 5.25167e-06 761 0 -15 0 0 0 
261.694 650.365 -10.0437 -8.26046 -0.0573368 0.00285748 0.00232533 2.84918 -3.28243e-05 -3.78393e-05 -4.02692e-06 -1.58331e-06 2.64484e-05 762 0 -15 0 0 0 
262.654 653.072 -10.0437 -8.26048 -0.0573408 0.0028548 0.00233931 2.84918 -0.000140558 -2.32238e-05 -4.2999e-06 2.1997e-05 1.39359e-05 763 0 -15 0 0 0 
263.618 655.921 -10.0437 -8.26054 -0.0573451 0.0028762 0.0023244 2.84917 -2.07711e-05 -0.000101359 -4.6193e-06 2.35587e-05 -4.29332e-05 764 0 -15 0 0 0 
264.584 658.627 -10.0438 -8.26065 -0.0573492 0.00288822 0.0023301 2.84916 -0.000126681 -0.000116422 -3.93204e-06 -4.53015e-06 5.30004e-05 765 0 -15 0 0 0 
265.536 661.334 -10.0439 -8.26075 -0.0573532 0.00288046 0.00233765 2.84916 -8.84958e-05 -8.95178e-05 -4.01349e-06 -4.85056e-06 5.57086e-05 766 0 -15 0 0 0 
266.486 664.041 -10.044 -8.26081 -0.0573573 0.0028651 0.00235235 2.84915 1.19636e-05 -4.34808e-05 -4.18648e-06 -2.0502e-05 2.43652e-06 767 0 -15 0 0 0 
267.446 666.748 -10.044 -8.26084 -0.0573613 0.00285496 0.00237147 2.84916 -4.69207e-05 -1.54537e-05 -4.11322e-06 -8.15072e-06 2.62476e-05 768 0 -15 0 0 0 
268.406 669.454 -10.044 -8.26085 -0.0573653 0.00284874 0.00238244 2.84916 7.08708e-05 3.54823e-08 -4.57704e-06 -1.15588e-05 -3.87143e-05 769 0 -15 0 0 0 
269.38 672.303 -10.0439 -8.26081 -0.0573696 0.00282929 0.00237658 2.84917 0.000102893 4.82325e-05 -4.39983e-06 1.63872e-06 -1.65544e-05 770 0 -15 0 0 0 
270.34 675.01 -10.0438 -8.26079 -0.0573737 0.00283597 0.0023668 2.84917 6.33525e-05 2.86441e-05 -4.12292e-06 -4.35789e-06 2.08572e-05 771 0 -15 0 0 0 
271.3 677.717 -10.0437 -8.26076 -0.0573778 0.00283974 0.00235433 2.84918 0.000100328 3.27206e-06 -4.37857e-06 1.90023e-05 -2.1388e-05 772 0 -15 0 0 0 
272.256 680.424 -10.0436 -8.26076 -0.0573819 0.00284585 0.00233945 2.84918 0.000186319 -1.77335e-05 -4.35408e-06 -7.58358e-07 -3.8564e-05 773 0 -15 0 0 0 
273.222 683.273 -10.0435 -8.26076 -0.0573862 0.0028409 0.00233462 2.84918 2.39181e-06 1.63458e-05 -4.5136e-06 -1.83575e-07 -3.18139e-05 774 0 -15 0 0 0 
274.178 685.979 -10.0435 -8.26076 -0.0573903 0.00285419 0.0023265 2.84918 -0.000104682 -3.18477e-05 -4.29515e-06 2.10062e-05 1.97995e-05 775 0 -15 0 0 0 
275.142 688.686 -10.0435 -8.26086 -0.0573944 0.00289297 0.00231167 2.84917 -5.70883e-05 -0.000153256 -4.27796e-06 4.91128e-05 8.4097e-06 776 0 -15 0 0 0 
276.094 691.393 -10.0436 -8.26105 -0.0573984 0.00292564 0.00232426 2.84915 -0.000133161 -0.000229902 -4.42217e-06 9.4325e-06 -1.31229e-05 777 0 -15 0 0 0 
277.038 694.1 -10.0438 -8.26125 -0.0574024 0.00291113 0.00233382 2.84914 -3.06891e-05 -0.000165787 -4.36023e-06 -5.21254e-05 -3.31885e-05 778 0 -15 0 0 0 
277.982 696.806 -10.0438 -8.26135 -0.0574065 0.00286919 0.00233074 2.84914 -7.801e-05 -4.36522e-05 -4.02197e-06 -3.84568e-05 2.41315e-05 779 0 -15 0 0 0 
278.952 699.513 -10.0438 -8.26136 -0.0574106 0.00284256 0.00233258 2.84915 6.12047e-05 1.39563e-05 -4.61923e-06 -3.21033e-05 -6.69123e-05 780 0 -15 0 0 0 
279.916 702.362 -10.0439 -8.2613 -0.0574148 0.00282457 0.00235936 2.84916 -7.30354e-05 7.33396e-05 -4.18977e-06 -3.64073e-06 2.41127e-05 781 0 -15 0 0 0 
280.864 705.069 -10.0439 -8.26123 -0.0574188 0.00282037 0.00235991 2.84917 6.51986e-05 6.83157e-05 -4.32099e-06 1.07027e-05 -6.28837e-06 782 0 -15 0 0 0 
281.836 707.775 -10.0439 -8.26117 -0.0574229 0.00282421 0.00235748 2.84918 7.10405e-05 6.13866e-05 -4.3724e-06 1.83468e-07 -2.00397e-05 783 0 -15 0 0 0 
282.776 710.482 -10.0439 -8.26112 -0.057427 0.00283245 0.00235538 2.84918 7.91358e-05 2.85319e-05 -4.5925e-06 9.19797e-06 -4.98584e-05 784 0 -15 0 0 0 
283.732 713.189 -10.0438 -8.2611 -0.0574311 0.00283885 0.00234173 2.84918 -1.46279e-06 2.2099e-05 -4.43289e-06 -1.09793e-05 -2.61633e-05 785 0 -15 0 0 0 
284.68 715.896 -10.0438 -8.26107 -0.0574351 0.0028337 0.00234424 2.84919 -5.17067e-05 3.88618e-05 -4.30835e-06 -3.84062e-06 -2.945e-06 786 0 -15 0 0 0 
285.64 718.602 -10.0438 -8.26103 -0.0574391 0.00282789 0.00235209 2.84919 -2.8274e-05 5.68961e-05 -3.963e-06 -1.87837e-05 3.80255e-05 787 0 -15 0 0 0 
286.584 721.309 -10.0438 -8.26097 -0.0574433 0.00282655 0.00233582 2.84919 0.00019243 3.7591e-05 -4.3619e-06 6.2907e-06 -4.70962e-05 788 0 -15 0 0 0 
287.528 724.016 -10.0438 -8.26095 -0.0574472 0.0028479 0.00233746 2.84919 -4.65039e-05 -1.48252e-05 -4.34255e-06 2.17782e-05 -2.23955e-06 789 0 -15 0 0 0 
288.454 726.58 -10.0438 -8.26098 -0.0574511 0.00285562 0.00234698 2.84919 7.41521e-06 -2.00846e-05 -4.43481e-06 -2.62326e-06 -3.1064e-05 790 0 -15 0 0 0 
289.406 729.287 -10.0439 -8.26098 -0.0574551 0.00284322 0.00236061 2.84918 -6.80126e-05 1.90312e-05 -4.25905e-06 -2.91517e-05 4.75673e-06 791 0 -15 0 0 0 
290.352 731.994 -10.0438 -8.26094 -0.0574592 0.00282588 0.00235081 2.84919 7.79455e-05 6.4165e-05 -4.47046e-06 -1.14633e-05 -3.42029e-05 792 0 -15 0 0 0 
291.322 734.843 -10.0438 -8.26088 -0.0574634 0.00282557 0.0023535 2.84919 -0.000111298 6.65551e-05 -4.06132e-06 1.74717e-05 4.69613e-05 793 0 -15 0 0 0 
292.276 737.549 -10.0438 -8.26085 -0.0574675 0.00284182 0.00235327 2.84919 1.56634e-05 1.00644e-05 -4.34513e-06 4.07564e-06 -8.30337e-06 794 0 -15 0 0 0 
293.244 740.256 -10.0439 -8.26083 -0.0574715 0.00283646 0.00236421 2.84919 3.40243e-06 3.79475e-05 -4.44103e-06 -1.01465e-05 -2.86706e-05 795 0 -15 0 0 0 
294.192 742.963 -10.0438 -8.26078 -0.0574756 0.00281958 0.00234757 2.84919 4.31451e-05 8.53806e-05 -4.07952e-06 -2.85727e-05 2.03916e-05 796 0 -15 0 0 0 
295.158 745.67 -10.0438 -8.2607 -0.0574796 0.00282121 0.00235001 2.8492 -4.82509e-05 6.57238e-05 -4.43369e-06 1.95745e-05 -6.88784e-06 797 0 -15 0 0 0 
296.12 748.519 -10.0437 -8.26065 -0.0574839 0.00282292 0.00233477 2.8492 -6.76929e-05 7.18646e-05 -4.11243e-06 -4.15366e-06 2.34716e-05 798 0 -15 0 0 0 
297.054 751.083 -10.0437 -8.26058 -0.0574879 0.00282008 0.00232773 2.8492 9.26572e-05 6.41742e-05 -4.3615e-06 -2.61114e-05 -3.90234e-05 799 0 -15 0 0 0 
298.016 753.932 -10.0437 -8.26053 -0.0574921 0.00283214 0.0023279 2.8492 -0.000111648 3.86727e-05 -4.20595e-06 1.60704e-05 2.10562e-05 800 0 -15 0 0 0 
298.974 756.639 -10.0438 -8.2605 -0.0574962 0.00283367 0.00233396 2.8492 -6.43905e-05 4.58498e-05 -4.12147e-06 -9.21342e-06 1.46256e-05 801 0 -15 0 0 0 
299.934 759.346 -10.0439 -8.26045 -0.0575002 0.0028302 0.0023472 2.8492 -0.000108215 5.38821e-05 -4.21266e-06 -4.69772e-07 1.27351e-05 802 0 -15 0 0 0 
300.876 762.053 -10.044 -8.2604 -0.0575043 0.00282713 0.00234937 2.8492 -2.41546e-06 5.62695e-05 -4.17078e-06 9.48847e-06 4.17734e-06 803 0 -15 0 0 0 
301.83 764.759 -10.044 -8.26034 -0.0575082 0.00282739 0.00236308 2.8492 -7.32025e-05 5.90537e-05 -4.18312e-06 1.5312e-05 2.81837e-05 804 0 -15 0 0 0 
302.776 767.466 -10.044 -8.2603 -0.0575123 0.0028343 0.00236282 2.8492 -1.4729e-05 3.80795e-05 -4.29379e-06 -5.89575e-06 2.28677e-06 805 0 -15 0 0 0 
303.724 770.173 -10.044 -8.26028 -0.0575164 0.00284325 0.00236536 2.8492 -2.1325e-05 1.29081e-05 -4.19295e-06 4.28129e-06 2.34715e-05 806 0 -15 0 0 0 
304.676 772.88 -10.0439 -8.26028 -0.0575205 0.00284772 0.00235666 2.84919 2.09669e-05 -1.06559e-05 -4.14494e-06 9.02526e-06 2.73035e-05 807 0 -15 0 0 0 
305.636 775.586 -10.0439 -8.26035 -0.0575247 0.00288331 0.00233097 2.84918 0.000126853 -0.000135515 -4.5599e-06 3.30741e-05 -4.75389e-05 808 0 -15 0 0 0 
306.61 778.435 -10.0438 -8.26049 -0.0575289 0.00289916 0.00233096 2.84917 -0.000122974 -0.000149819 -4.21008e-06 -2.21211e-06 1.45504e-05 809 0 -15 0 0 0 
307.572 781.142 -10.0439 -8.26062 -0.057533 0.00288932 0.00233029 2.84916 -2.14854e-05 -0.000116977 -4.4221e-06 -1.76473e-05 -4.0983e-05 810 0 -15 0 0 0 
308.538 783.849 -10.044 -8.26071 -0.0575371 0.00287043 0.00232695 2.84915 -6.84922e-06 -5.60215e-05 -4.27983e-06 -3.77384e-05 -2.24995e-05 811 0 -15 0 0 0 
309.486 786.556 -10.044 -8.26074 -0.0575411 0.00285425 0.00234199 2.84916 -0.000107088 -1.45139e-05 -4.28893e-06 -8.23781e-06 3.29149e-06 812 0 -15 0 0 0 
310.44 789.262 -10.0442 -8.26076 -0.0575452 0.00286276 0.00236008 2.84916 7.21225e-07 -5.1316e-05 -4.31819e-06 3.8569e-06 7.70515e-06 813 0 -15 0 0 0 
311.398 791.969 -10.0442 -8.2608 -0.0575493 0.00286337 0.00235645 2.84916 4.23859e-05 -5.02087e-05 -4.57699e-06 2.22811e-05 -2.42283e-05 814 0 -15 0 0 0 
312.356 794.676 -10.0442 -8.26085 -0.0575533 0.00286787 0.00237507 2.84916 -4.10841e-05 -4.87862e-05 -4.13285e-06 -7.73605e-06 1.67135e-05 815 0 -15 0 0 0 
313.316 797.525 -10.0442 -8.26089 -0.0575575 0.00285585 0.00237926 2.84916 0.000108231 -2.14236e-05 -4.35601e-06 -1.63723e-05 -2.00287e-05 816 0 -15 0 0 0 
314.28 800.232 -10.0441 -8.26089 -0.0575616 0.00284587 0.00238351 2.84916 0.000101509 4.79624e-06 -4.3044e-06 1.83389e-05 2.24276e-06 817 0 -15 0 0 0 
315.236 802.938 -10.044 -8.26089 -0.0575657 0.00284851 0.00236991 2.84917 0.000146475 -1.29196e-05 -4.19649e-06 8.67418e-06 4.49579e-06 818 0 -15 0 0 0 
316.204 805.645 -10.0439 -8.26093 -0.0575698 0.00286492 0.00236414 2.84917 6.52302e-05 -6.43324e-05 -4.24633e-06 1.45268e-05 6.52873e-06 819 0 -15 0 0 0 
317.154 808.352 -10.0439 -8.26097 -0.0575739 0.0028616 0.00236189 2.84916 7.72341e-05 -4.38317e-05 -4.16853e-06 -9.84056e-06 6.55773e-06 820 0 -15 0 0 0 
318.122 811.201 -10.0438 -8.26099 -0.0575781 0.00284892 0.00236026 2.84917 3.77887e-05 -1.91488e-06 -4.267e-06 -1.22396e-05 -2.17929e-06 821 0 -15 0 0 0 
319.088 813.908 -10.0438 -8.26098 -0.0575823 0.0028432 0.00235474 2.84917 9.63199e-05 -5.6041e-08 -4.11674e-06 3.34857e-06 1.50387e-05 822 0 -15 0 0 0 
320.062 816.757 -10.0437 -8.26098 -0.0575865 0.00284321 0.00235299 2.84917 -1.8282e-05 1.76754e-05 -4.22316e-06 -6.0465e-07 5.68856e-06 823 0 -15 0 0 0 
321.02 819.463 -10.0436 -8.26096 -0.0575906 0.00283413 0.00232716 2.84918 0.00012244 2.99323e-05 -4.36968e-06 -3.99247e-07 -3.57361e-05 824 0 -15 0 0 0 
321.982 822.17 -10.0436 -8.26093 -0.0575947 0.00283339 0.00231709 2.84918 -0.000128724 3.5536e-05 -4.37484e-06 8.63466e-06 -4.96215e-06 825 0 -15 0 0 0 
322.944 824.877 -10.0437 -8.26089 -0.0575987 0.00283291 0.00231533 2.84918 -0.000156375 4.22924e-05 -4.22419e-06 2.55209e-05 1.46074e-05 826 0 -15 0 0 0 

0 0 0 0 -nan nan -nan 0 0 0 0 0 0 201 -10 -15 0 0 0 
8.374 4.98864 0.000125456 -0.227464 -2.12131e-05 0.0117195 -0.000187587 0.545063 0.00400067 0.000102076 -0.000474594 -0.000592231 -0.00461315 202 -10 -15 0 0 0 
9.346 5.58893 0.114259 -0.242847 -0.00115045 0.0708749 -0.0233557 0.681683 0.20596 -0.0342054 -0.000339681 0.0753355 -0.0275967 203 -10 -15 0 0 0 
10.292 6.28262 0.324995 -0.29949 -0.00422607 0.12811 -0.0523465 0.778126 0.228693 -0.0858579 -0.00160007 0.0541692 -0.0333315 204 -10 -15 0 0 0 
11.258 7.10313 0.551522 -0.411786 -0.0100871 0.176049 -0.0896694 0.858755 0.221092 -0.136636 -0.00340913 0.0417022 -0.0392331 205 -10 -15 0 0 0 
12.204 7.94704 0.751669 -0.560546 -0.018123 0.209792 -0.130575 0.914563 0.198086 -0.174291 -0.00535641 0.0313165 -0.0433445 206 -10 -15 0 0 0 
13.156 8.83532 0.924241 -0.740821 -0.0281365 0.232674 -0.175334 0.952918 0.163733 -0.202936 -0.00763218 0.0203775 -0.0460188 207 -10 -15 0 0 0 
14.11 9.75365 1.06029 -0.942811 -0.0395308 0.245973 -0.222598 0.978599 0.121786 -0.22061 -0.00954595 0.0127874 -0.0476586 208 -10 -15 0 0 0 
15.074 10.6917 1.15408 -1.15771 -0.0517154 0.251669 -0.271328 0.99498 0.0751818 -0.230686 -0.0116643 0.00523989 -0.0485042 209 -10 -15 0 0 0 
16.048 11.6421 1.20221 -1.37929 -0.0642031 0.251343 -0.320807 1.00499 0.02591 -0.234771 -0.0129359 0.0015526 -0.0490509 210 -10 -15 0 0 0 
16.998 12.5998 1.20273 -1.60258 -0.0766602 0.246896 -0.370644 1.01058 -0.0248922 -0.234917 -0.0139204 -0.000960157 -0.0494204 211 -10 -15 0 0 0 
17.974 13.6118 1.15063 -1.83662 -0.0895222 0.239542 -0.423321 1.0127 -0.0793375 -0.233085 -0.0150245 -0.00339295 -0.0496753 212 -10 -15 0 0 0 
18.912 14.5736 1.0504 -2.05653 -0.101395 0.231198 -0.473545 1.01182 -0.131665 -0.22984 -0.0152188 -0.00347508 -0.0500666 213 -10 -15 0 0 0 
19.88 15.5332 0.900252 -2.27338 -0.112878 0.222058 -0.523951 1.00807 -0.184387 -0.226408 -0.0148727 -0.00256986 -0.0505728 214 -10 -15 0 0 0 
20.85 16.4881 0.699863 -2.48649 -0.123966 0.21274 -0.5746 1.00159 -0.237411 -0.222813 -0.0154333 -0.00329646 -0.0508769 215 -10 -15 0 0 0 
21.818 17.4851 0.43443 -2.70686 -0.135188 0.202815 -0.628198 0.99183 -0.293364 -0.218234 -0.0143982 -0.00147705 -0.0515748 216 -10 -15 0 0 0 
22.776 18.422 0.125122 -2.91241 -0.14497 0.193848 -0.67705 0.9817 -0.378785 -0.215436 -0.0107559 -0.000607286 -0.0401304 217 -10 -15 0 0 0 
23.738 19.37 -0.358079 -3.12356 -0.14952 0.188543 -0.700671 1.02425 -0.650759 -0.230604 0.00135748 -0.00298162 0.0149854 218 -10 -15 0 0 0 
24.702 20.3631 -1.13117 -3.34608 -0.148139 0.183296 -0.693348 1.06525 -0.964417 -0.233964 -0.00267431 -0.00854613 0.0180948 219 -10 -15 0 0 0 
25.662 21.4654 -2.20511 -3.57678 -0.143239 0.171744 -0.66576 1.12363 -1.17991 -0.220951 -0.00205502 -0.0149278 0.0433048 220 -10 -15 0 0 0 
26.638 22.5729 -3.35931 -3.77865 -0.13596 0.157417 -0.622127 1.26037 -1.19153 -0.21514 -0.00185124 -0.0181034 0.0559678 221 -10 -15 0 0 0 
27.606 23.8127 -4.59914 -3.96841 -0.124691 0.144147 -0.547954 1.24997 -1.22427 -0.172628 0.00372701 -0.0162449 0.079032 222 -10 -15 0 0 0 
28.57 25.0262 -5.69949 -4.12356 -0.115044 0.132843 -0.479415 1.33396 -1.08921 -0.161347 0.00709259 -0.0135314 0.0920461 223 -10 -15 0 0 0 
29.52 26.2656 -6.7093 -4.25972 -0.105194 0.125104 -0.40459 1.36925 -0.93031 -0.147897 0.00232944 -0.0119775 0.0525733 224 -10 -15 0 0 0 
30.49 27.5089 -7.61205 -4.3807 -0.0944016 0.121065 -0.318369 1.26112 -0.89598 -0.113269 0.0095151 -0.00650684 0.0891314 225 -10 -15 0 0 0 
31.456 28.8126 -8.36855 -4.50059 -0.0876023 0.116176 -0.261829 1.37761 -0.702913 -0.128147 0.00945824 -0.00252937 0.0822629 226 -10 -15 0 0 0 
32.432 30.0632 -9.06024 -4.60682 -0.0778561 0.115832 -0.179565 1.27793 -0.67576 -0.103584 0.00900379 -0.00313576 0.0791688 227 -10 -15 0 0 0 
33.398 31.291 -9.61316 -4.70795 -0.0707949 0.113783 -0.119306 1.33584 -0.518856 -0.112572 0.0076271 -0.0012683 0.0660281 228 -10 -15 0 0 0 
34.37 32.6517 -10.0993 -4.82174 -0.0635975 0.112633 -0.0570317 1.40232 -0.428639 -0.118586 0.00616456 -0.00250255 0.0545488 229 -10 -15 0 0 0 
35.332 34.0576 -10.4348 -4.94376 -0.0589198 0.109417 -0.0155986 1.55676 -0.307175 -0.136021 0.00455495 -0.00431923 0.0413408 230 -10 -15 0 0 0 
36.28 35.6159 -10.6702 -5.07967 -0.0553501 0.103762 0.0173145 1.72667 -0.190364 -0.14952 0.00296905 -0.00842325 0.0268128 231 -10 -15 0 0 0 
37.24 37.339 -10.7974 -5.22471 -0.0531421 0.0949992 0.0391579 1.8989 -0.0804483 -0.154815 0.00205727 -0.010856 0.0169144 232 -10 -15 0 0 0 
38.182 39.219 -10.8299 -5.37047 -0.05197 0.0842203 0.0521016 2.05534 0.0102897 -0.150657 0.00145942 -0.0124498 0.00961586 233 -10 -15 0 0 0 
39.158 41.3471 -10.78 -5.51646 -0.0515394 0.0719808 0.0576502 2.19669 0.0863469 -0.140296 0.000807029 -0.0118298 0.00189272 234 -10 -15 0 0 0 
40.112 43.4893 -10.6746 -5.64363 -0.0515643 0.0614009 0.0573825 2.30936 0.134654 -0.127686 0.000385773 -0.0100603 -0.00292022 235 -10 -15 0 0 0 
41.084 45.7294 -10.5323 -5.7593 -0.0517914 0.0529575 0.0535403 2.40432 0.151847 -0.1154 9.86186e-05 -0.00780998 -0.0055983 236 -10 -15 0 0 0 
42.048 48.0511 -10.3734 -5.86533 -0.0522244 0.0466518 0.045038 2.4817 0.170365 -0.107538 -0.000227672 -0.00536193 -0.0098387 237 -10 -15 0 0 0 
43.01 50.5681 -10.2097 -5.96933 -0.0526849 0.0422179 0.034799 2.5494 0.157826 -0.100997 -0.000369974 -0.00341749 -0.011374 238 -10 -15 0 0 0 
43.986 53.0157 -10.0704 -6.06333 -0.0531315 0.0395258 0.0239976 2.60171 0.133495 -0.0970885 -0.000394232 -0.00230123 -0.0112252 239 -10 -15 0 0 0 
44.948 55.5084 -9.9596 -6.15392 -0.0535107 0.0376707 0.0141431 2.6443 0.102245 -0.0939479 -0.000359283 -0.00170308 -0.0101028 240 -10 -15 0 0 0 
45.902 58.0375 -9.87857 -6.24172 -0.0538353 0.0362049 0.0054175 2.67868 0.0698015 -0.0911496 -0.00030481 -0.00179925 -0.00862553 241 -10 -15 0 0 0 
46.852 60.5959 -9.82783 -6.32653 -0.05408 0.0348682 -0.00143604 2.70643 0.0373175 -0.0876363 -0.000296418 -0.00171218 -0.00819213 242 -10 -15 0 0 0 
47.81 63.3144 -9.8041 -6.4123 -0.0542641 0.0334221 -0.0068047 2.72971 0.00985669 -0.0837207 -0.000133692 -0.00131788 -0.00378622 243 -10 -15 0 0 0 
48.778 65.9164 -9.80516 -6.4901 -0.0543679 0.032044 -0.0099608 2.74741 -0.0113298 -0.0799892 -9.0448e-05 -0.00139775 -0.0023851 244 -10 -15 0 0 0 
49.738 68.5335 -9.82388 -6.56421 -0.0544175 0.0306543 -0.0115106 2.7617 -0.0273159 -0.0759776 -3.97011e-05 -0.00117724 -0.000816888 245 -10 -15 0 0 0 
50.696 71.1628 -9.85494 -6.63467 -0.0544302 0.029376 -0.0118714 2.77331 -0.0364398 -0.0724284 3.22504e-05 -0.00140562 0.0015303 246 -10 -15 0 0 0 
51.668 73.9412 -9.89563 -6.70508 -0.0544054 0.0280471 -0.0109321 2.78324 -0.0435027 -0.0685818 2.4473e-05 -0.00119214 0.00142923 247 -10 -15 0 0 0 
52.636 76.5891 -9.93745 -6.76871 -0.0543667 0.026923 -0.00940713 2.79098 -0.0432005 -0.0655318 9.47903e-05 -0.00139206 0.00377935 248 -10 -15 0 0 0 
53.598 79.2437 -9.97884 -6.82945 -0.0543072 0.0258931 -0.00705138 2.79736 -0.0421752 -0.062575 5.54006e-05 -0.00100497 0.00255891 249 -10 -15 0 0 0 
54.546 81.9038 -10.0162 -6.88763 -0.0542485 0.0249262 -0.00459457 2.80266 -0.0370581 -0.0599409 6.08949e-05 -0.000964582 0.00277901 250 -10 -15 0 0 0 
55.518 84.7088 -10.0492 -6.9463 -0.0541882 0.0239551 -0.00194838 2.80731 -0.0294285 -0.0573759 5.7558e-05 -0.000767772 0.00266009 251 -10 -15 0 0 0 
56.476 87.3776 -10.0734 -6.99984 -0.0541374 0.0231339 0.000397621 2.81097 -0.0211584 -0.0552996 4.71945e-05 -0.000889311 0.00224078 252 -10 -15 0 0 0 
57.446 90.0495 -10.0894 -7.05135 -0.0540988 0.0222886 0.0023082 2.81407 -0.0130002 -0.0531884 3.85086e-05 -0.000852351 0.00185655 253 -10 -15 0 0 0 
58.406 92.865 -10.0984 -7.1034 -0.0540691 0.0213613 0.00389567 2.81682 -0.0053044 -0.050815 2.76708e-05 -0.000836743 0.00136943 254 -10 -15 0 0 0 
59.374 95.5421 -10.1005 -7.15071 -0.0540518 0.0205477 0.00494282 2.81907 0.000819487 -0.0487975 1.67528e-05 -0.000833773 0.00085628 255 -10 -15 0 0 0 
60.338 98.2211 -10.0973 -7.19615 -0.0540441 0.0197961 0.00556172 2.82102 0.00554577 -0.0469693 7.96725e-06 -0.000761396 0.000429341 256 -10 -15 0 0 0 
61.29 100.902 -10.0904 -7.23992 -0.0540441 0.0191147 0.00578916 2.82271 0.00896615 -0.0452438 -2.12913e-07 -0.00059212 5.06249e-05 257 -10 -15 0 0 0 
62.256 103.725 -10.0803 -7.28433 -0.0540501 0.018451 0.00570074 2.82427 0.010492 -0.0433504 7.44374e-06 -0.000544311 0.000351271 258 -10 -15 0 0 0 
63.23 106.409 -10.0694 -7.32487 -0.0540609 0.0178003 0.00532177 2.82558 0.0117739 -0.0418642 -1.00743e-05 -0.000641844 -0.00051758 259 -10 -15 0 0 0 
64.18 109.094 -10.0584 -7.36383 -0.0540736 0.0171307 0.00481875 2.82678 0.0114002 -0.040078 -1.15448e-05 -0.000711728 -0.00063162 260 -10 -15 0 0 0 
65.146 111.78 -10.048 -7.40111 -0.0540878 0.016525 0.00419801 2.82789 0.0103597 -0.0384357 -1.24207e-05 -0.000633678 -0.000675554 261 -10 -15 0 0 0 
66.098 114.467 -10.039 -7.43683 -0.0541015 0.0159363 0.00357178 2.82893 0.00871563 -0.0368367 -1.27686e-05 -0.000589266 -0.000691694 262 -10 -15 0 0 0 
67.044 117.155 -10.0317 -7.47112 -0.0541149 0.0154212 0.00295018 2.82988 0.00684197 -0.0354239 -1.1991e-05 -0.000522176 -0.000640563 263 -10 -15 0 0 0 
68.002 119.844 -10.0262 -7.50406 -0.054127 0.0149115 0.00238735 2.83077 0.0047927 -0.0339755 -1.08896e-05 -0.000551224 -0.000567658 264 -10 -15 0 0 0 
68.976 122.675 -10.0226 -7.53724 -0.0541379 0.0143638 0.00189369 2.83165 0.00259509 -0.032385 -9.53825e-06 -0.000470296 -0.000464066 265 -10 -15 0 0 0 
69.948 125.365 -10.021 -7.56739 -0.0541469 0.0139041 0.00150811 2.83243 0.000857452 -0.0310881 -7.93307e-06 -0.000467696 -0.000354164 266 -10 -15 0 0 0 
70.918 128.198 -10.0211 -7.59777 -0.0541541 0.0134239 0.00124514 2.83322 -0.00102701 -0.029679 -5.92584e-06 -0.000378669 -0.000193866 267 -10 -15 0 0 0 
71.882 130.89 -10.0226 -7.62542 -0.0541596 0.0130147 0.00110422 2.83392 -0.0021262 -0.028519 -4.5831e-06 -0.000422171 -9.29864e-05 268 -10 -15 0 0 0 
72.838 133.583 -10.025 -7.65193 -0.0541637 0.0125995 0.00106266 2.83458 -0.00302546 -0.0273124 -3.18361e-06 -0.000447244 1.47162e-05 269 -10 -15 0 0 0 
73.81 136.418 -10.0282 -7.67863 -0.0541667 0.0121699 0.00112748 2.83525 -0.00350136 -0.026113 -2.22912e-06 -0.000463644 8.49182e-05 270 -10 -15 0 0 0 
74.76 139.111 -10.0315 -7.7029 -0.0541693 0.0117927 0.00122339 2.83585 -0.00347074 -0.0250568 -4.07906e-07 -0.000492739 0.000237147 271 -10 -15 0 0 0 
75.73 141.806 -10.0349 -7.72605 -0.054171 0.0113668 0.00140136 2.83644 -0.00346367 -0.0237829 -1.68118e-06 -0.000403174 0.00016689 272 -10 -15 0 0 0 
76.694 144.501 -10.0379 -7.74818 -0.0541731 0.0110075 0.00156849 2.837 -0.00299072 -0.0228444 -1.51678e-06 -0.000433671 0.00020728 273 -10 -15 0 0 0 
77.646 147.196 -10.0407 -7.76939 -0.0541747 0.0106856 0.00177778 2.83754 -0.00251515 -0.0218137 -3.45544e-06 -0.000273197 5.72498e-05 274 -10 -15 0 0 0 
78.606 150.034 -10.0429 -7.79085 -0.0541767 0.0103731 0.00198402 2.83806 -0.00191696 -0.021042 -1.9685e-06 -0.000297128 0.000161981 275 -10 -15 0 0 0 
79.572 152.73 -10.0445 -7.81043 -0.0541788 0.0100712 0.00215097 2.83852 -0.00128123 -0.0202013 -1.5153e-06 -0.000307019 0.000182091 276 -10 -15 0 0 0 
80.546 155.427 -10.0454 -7.82924 -0.0541812 0.00977458 0.00228913 2.83897 -0.000663693 -0.0194364 -1.75241e-06 -0.00041612 0.000128522 277 -10 -15 0 0 0 
81.506 158.266 -10.0458 -7.84823 -0.0541843 0.0094847 0.00239501 2.83941 -0.000143385 -0.0185813 -2.7749e-06 -0.00030408 7.14686e-05 278 -10 -15 0 0 0 
82.452 160.822 -10.0457 -7.8646 -0.0541874 0.00920363 0.00244917 2.8398 0.000356072 -0.0178223 -2.12952e-06 -0.000302533 5.99592e-05 279 -10 -15 0 0 0 
83.422 163.662 -10.0452 -7.88199 -0.0541909 0.00890461 0.00249062 2.84021 0.000584779 -0.0169918 -3.1073e-06 -0.000256848 3.07869e-05 280 -10 -15 0 0 0 
84.376 166.36 -10.0445 -7.89779 -0.0541947 0.00864753 0.00250008 2.84059 0.000836529 -0.0162203 -3.69672e-06 -0.000219918 -1.64768e-05 281 -10 -15 0 0 0 
85.338 169.059 -10.0436 -7.91294 -0.0541989 0.0084094 0.0024633 2.84095 0.00103975 -0.0156543 -4.50647e-06 -0.000206112 -9.30685e-05 282 -10 -15 0 0 0 
86.308 171.9 -10.0426 -7.92829 -0.0542031 0.00819582 0.00242605 2.84131 0.000852948 -0.0150543 -3.26918e-06 -0.000203751 -1.6676e-06 283 -10 -15 0 0 0 
87.27 174.599 -10.0418 -7.94231 -0.0542074 0.00797588 0.00237735 2.84162 0.000875696 -0.0144625 -4.39482e-06 -0.000342966 -9.97929e-05 284 -10 -15 0 0 0 
88.226 177.299 -10.041 -7.95573 -0.0542117 0.00775529 0.0023201 2.84194 0.000708079 -0.0138136 -3.4004e-06 -0.000222029 -1.25341e-05 285 -10 -15 0 0 0 
89.176 179.999 -10.0403 -7.96856 -0.0542159 0.00754206 0.00227182 2.84224 0.000563609 -0.0132178 -3.91278e-06 -0.000211732 -5.13769e-05 286 -10 -15 0 0 0 
90.142 182.699 -10.0399 -7.98085 -0.05422 0.00734849 0.0022236 2.84253 0.000479223 -0.0126936 -4.14282e-06 -0.000209816 -7.53076e-05 287 -10 -15 0 0 0 
91.11 185.542 -10.0395 -7.99324 -0.0542243 0.00714249 0.002176 2.84282 0.000212908 -0.0120353 -3.94678e-06 -0.000177636 -4.40133e-05 288 -10 -15 0 0 0 
92.064 188.243 -10.0394 -8.00444 -0.0542284 0.00693694 0.00213694 2.84309 7.51781e-05 -0.0115149 -3.72745e-06 -0.000192323 -2.4776e-05 289 -10 -15 0 0 0 
93.026 190.944 -10.0394 -8.01513 -0.0542324 0.00675029 0.00210799 2.84336 3.26315e-05 -0.0109915 -3.72956e-06 -0.000164212 -2.64042e-05 290 -10 -15 0 0 0 
93.994 193.645 -10.0395 -8.02534 -0.0542362 0.006583 0.00210568 2.84361 -0.000225825 -0.0105423 -3.62002e-06 -0.000212734 -5.59342e-06 291 -10 -15 0 0 0 
94.958 196.489 -10.0398 -8.03564 -0.0542403 0.00642745 0.00209986 2.84386 -0.00022667 -0.0100958 -3.77504e-06 -0.0001471 -9.25725e-06 292 -10 -15 0 0 0 
95.93 199.191 -10.0401 -8.04504 -0.0542439 0.00629424 0.00211699 2.84409 -0.000392584 -0.00971224 -3.58229e-06 -0.000112434 2.19314e-05 293 -10 -15 0 0 0 
96.892 201.893 -10.0404 -8.05411 -0.0542477 0.00617464 0.00212184 2.8443 -0.000260916 -0.00938427 -3.67264e-06 -0.0001369 5.32758e-06 294 -10 -15 0 0 0 
97.868 204.737 -10.0407 -8.06326 -0.0542516 0.00601905 0.0021371 2.84451 -0.00027824 -0.00892871 -3.81027e-06 -0.00016096 -5.14095e-06 295 -10 -15 0 0 0 
98.826 207.44 -10.0409 -8.07152 -0.0542553 0.00585972 0.00214944 2.8447 -0.000247592 -0.00848895 -3.26174e-06 -0.000195469 4.29006e-05 296 -10 -15 0 0 0 
99.79 210.142 -10.0412 -8.07935 -0.054259 0.00570558 0.00217779 2.8449 -0.000282101 -0.00804544 -3.99935e-06 -0.000131778 -9.15012e-06 297 -10 -15 0 0 0 
100.752 212.845 -10.0414 -8.08686 -0.0542627 0.00559408 0.00219181 2.84509 -0.000149059 -0.00774847 -3.98728e-06 -9.42713e-05 -1.587e-05 298 -10 -15 0 0 0 
101.716 215.69 -10.0415 -8.09446 -0.0542667 0.00549346 0.00220399 2.84527 -4.04768e-05 -0.00745182 -3.8563e-06 -0.000115834 -5.91542e-06 299 -10 -15 0 0 0 
102.682 218.393 -10.0416 -8.10145 -0.0542704 0.00540979 0.00221986 2.84543 -0.000153708 -0.00723602 -3.57959e-06 -8.8063e-05 3.96312e-05 300 -10 -15 0 0 0 
103.648 221.096 -10.0417 -8.10818 -0.0542741 0.00530311 0.00224321 2.84558 -0.000114872 -0.00692039 -3.55154e-06 -0.000109839 4.10737e-05 301 -10 -15 0 0 0 
104.626 223.942 -10.0416 -8.11494 -0.0542781 0.0051871 0.00224739 2.84573 -3.28552e-05 -0.0066008 -3.52711e-06 -9.06958e-05 4.49686e-05 302 -10 -15 0 0 0 
105.558 226.646 -10.0416 -8.12111 -0.054282 0.00510329 0.00224661 2.84587 8.24539e-05 -0.00637918 -3.75356e-06 -9.67908e-05 1.04596e-05 303 -10 -15 0 0 0 
106.502 229.207 -10.0415 -8.12674 -0.0542856 0.00501656 0.00224908 2.846 7.60701e-05 -0.00613195 -3.46995e-06 -0.000112589 3.41194e-05 304 -10 -15 0 0 0 
107.44 231.911 -10.0414 -8.13243 -0.0542895 0.00492291 0.00225063 2.84613 0.000208577 -0.00587673 -3.90957e-06 -9.80233e-05 -1.48852e-05 305 -10 -15 0 0 0 
108.404 234.757 -10.0413 -8.13814 -0.0542935 0.00481919 0.00224437 2.84626 0.000148137 -0.00557739 -3.80816e-06 -8.94175e-05 -6.64448e-06 306 -10 -15 0 0 0 
109.342 237.318 -10.0411 -8.14306 -0.0542972 0.00473781 0.00223636 2.84638 8.88168e-05 -0.00534895 -3.3797e-06 -8.53171e-05 4.87468e-05 307 -10 -15 0 0 0 
110.264 240.023 -10.041 -8.14804 -0.054301 0.00465876 0.00222711 2.84649 0.000111954 -0.00514462 -3.69718e-06 -8.75394e-05 1.43907e-05 308 -10 -15 0 0 0 
111.198 242.584 -10.0409 -8.15259 -0.0543047 0.00459995 0.00221523 2.8466 7.68691e-05 -0.00496669 -4.09588e-06 -5.67742e-05 -2.3772e-05 309 -10 -15 0 0 0 
112.13 245.289 -10.0409 -8.1572 -0.0543086 0.0045169 0.00220934 2.8467 -2.14767e-05 -0.00472059 -3.52164e-06 -8.8902e-05 3.79283e-05 310 -10 -15 0 0 0 
113.068 247.993 -10.0409 -8.16156 -0.0543124 0.00442139 0.00220965 2.84681 1.70995e-05 -0.00444817 -3.86973e-06 -0.000103166 -1.18865e-05 311 -10 -15 0 0 0 
114.014 250.698 -10.0409 -8.16568 -0.0543163 0.00434141 0.00220607 2.84692 2.72956e-05 -0.00421452 -4.11412e-06 -5.84246e-05 -2.67266e-05 312 -10 -15 0 0 0 
114.958 253.402 -10.0408 -8.1696 -0.0543202 0.004271 0.00219092 2.84703 1.67423e-05 -0.00403317 -4.35663e-06 -5.67074e-05 -4.70411e-05 313 -10 -15 0 0 0 
115.922 256.107 -10.0408 -8.17338 -0.0543241 0.0042244 0.00218016 2.84712 -1.1235e-05 -0.00392 -4.21805e-06 -3.19038e-05 -3.6389e-05 314 -10 -15 0 0 0 
116.88 258.812 -10.041 -8.17708 -0.0543278 0.00420397 0.00218612 2.8472 -6.81381e-05 -0.00386984 -4.3269e-06 -3.14018e-05 -4.37854e-05 315 -10 -15 0 0 0 
117.846 261.517 -10.041 -8.1807 -0.0543317 0.00416075 0.00217989 2.84727 -6.91954e-05 -0.0037335 -3.70748e-06 -4.42787e-05 1.98028e-05 316 -10 -15 0 0 0 
118.818 264.364 -10.0412 -8.18435 -0.0543357 0.00410331 0.00218739 2.84735 -3.70748e-05 -0.00356543 -4.41101e-06 -5.95204e-05 -5.16394e-05 317 -10 -15 0 0 0 
119.78 267.069 -10.0412 -8.18767 -0.0543396 0.00404994 0.00219035 2.84742 -0.000140027 -0.00341569 -3.71685e-06 -5.41379e-05 2.75722e-05 318 -10 -15 0 0 0 
120.736 269.774 -10.0414 -8.19084 -0.0543433 0.00399745 0.00220917 2.84749 -8.9056e-05 -0.00325224 -3.9583e-06 -7.70323e-05 -1.19642e-05 319 -10 -15 0 0 0 
121.69 272.479 -10.0414 -8.19384 -0.0543472 0.00392402 0.00220617 2.84756 4.9986e-05 -0.00306474 -3.94073e-06 -8.71687e-05 -1.46599e-05 320 -10 -15 0 0 0 
122.652 275.185 -10.0414 -8.19664 -0.0543511 0.00384652 0.0021931 2.84764 -1.36229e-05 -0.00283065 -3.66692e-06 -9.23568e-05 1.71335e-05 321 -10 -15 0 0 0 
123.614 278.032 -10.0414 -8.19936 -0.0543551 0.00377244 0.00219269 2.84772 -6.70363e-05 -0.0026307 -3.80768e-06 -5.73609e-05 1.32216e-05 322 -10 -15 0 0 0 
124.578 280.738 -10.0415 -8.20182 -0.054359 0.0037346 0.00218981 2.8478 -3.07595e-05 -0.00252942 -3.68888e-06 -3.17118e-05 2.97797e-05 323 -10 -15 0 0 0 
125.542 283.443 -10.0416 -8.2042 -0.0543629 0.00371479 0.00218962 2.84786 2.87271e-06 -0.00249626 -4.24527e-06 -8.12001e-06 -3.3496e-05 324 -10 -15 0 0 0 
126.498 286.149 -10.0417 -8.20657 -0.0543666 0.00371992 0.00221517 2.84791 -0.000288383 -0.00249308 -3.73792e-06 6.5564e-06 6.62749e-05 325 -10 -15 0 0 0 
127.456 288.996 -10.0418 -8.20906 -0.0543706 0.00370749 0.00222889 2.84796 -0.000150923 -0.00245445 -3.89459e-06 -1.99343e-05 2.75024e-05 326 -10 -15 0 0 0 
128.416 291.702 -10.0419 -8.21132 -0.0543745 0.0036558 0.00224 2.848 -4.89321e-05 -0.00228773 -3.85191e-06 -6.84879e-05 2.07418e-05 327 -10 -15 0 0 0 
129.38 294.408 -10.0419 -8.21342 -0.0543783 0.00359731 0.0022491 2.84805 5.91078e-05 -0.00213614 -3.62514e-06 -5.22281e-05 1.74994e-05 328 -10 -15 0 0 0 
130.342 297.113 -10.0418 -8.21538 -0.054382 0.00354351 0.00226363 2.8481 -5.19915e-05 -0.00197211 -3.80041e-06 -6.66693e-05 3.20312e-05 329 -10 -15 0 0 0 
131.296 299.819 -10.0418 -8.21721 -0.0543859 0.00351128 0.00226498 2.84816 0.000209492 -0.00191803 -4.02912e-06 -2.66086e-06 -7.78356e-06 330 -10 -15 0 0 0 
132.266 302.667 -10.0416 -8.2191 -0.05439 0.00349278 0.00224669 2.8482 0.000186248 -0.00186472 -4.09869e-06 -6.56322e-06 -1.93181e-05 331 -10 -15 0 0 0 
133.226 305.373 -10.0415 -8.22086 -0.0543938 0.00347479 0.00224132 2.84824 2.95752e-05 -0.00180021 -3.69484e-06 -1.43037e-05 5.24119e-05 332 -10 -15 0 0 0 
134.198 308.079 -10.0414 -8.22254 -0.0543978 0.00345011 0.00222311 2.84828 0.000132574 -0.00174811 -3.98464e-06 -1.13565e-05 -6.57783e-06 333 -10 -15 0 0 0 
135.176 310.927 -10.0413 -8.22427 -0.0544018 0.00343946 0.0022211 2.84831 2.18956e-05 -0.00171106 -3.91867e-06 -2.7479e-05 8.16578e-06 334 -10 -15 0 0 0 
136.148 313.633 -10.0413 -8.22584 -0.0544057 0.00340408 0.00222142 2.84835 -3.23618e-06 -0.00159705 -3.77808e-06 -3.40715e-05 2.22611e-05 335 -10 -15 0 0 0 
137.116 316.481 -10.0413 -8.22739 -0.0544097 0.0033689 0.00221761 2.84838 5.08494e-05 -0.00150713 -4.12886e-06 -2.16105e-05 -1.74906e-05 336 -10 -15 0 0 0 
138.078 319.187 -10.0413 -8.22879 -0.0544136 0.00334139 0.00220591 2.84842 2.16622e-05 -0.00142914 -3.95024e-06 -1.41699e-05 3.12282e-06 337 -10 -15 0 0 0 
139.056 322.036 -10.0413 -8.2302 -0.0544177 0.00332654 0.00219327 2.84846 4.037e-05 -0.00140859 -4.08413e-06 6.06617e-06 -1.38228e-05 338 -10 -15 0 0 0 
140.026 324.742 -10.0413 -8.23153 -0.0544215 0.00332751 0.00219929 2.84848 -0.000118217 -0.00139248 -4.21906e-06 -6.63007e-08 -1.6856e-05 339 -10 -15 0 0 0 
140.988 327.448 -10.0414 -8.23283 -0.0544253 0.0033038 0.00220103 2.8485 -8.56783e-05 -0.00131346 -4.05399e-06 -4.90828e-05 -1.26008e-05 340 -10 -15 0 0 0 
141.956 330.297 -10.0414 -8.23406 -0.0544294 0.00324848 0.00219757 2.84854 -0.000107603 -0.00115107 -3.76347e-06 -4.05094e-05 3.39342e-05 341 -10 -15 0 0 0 
142.904 333.003 -10.0415 -8.23512 -0.0544333 0.00321933 0.00218336 2.84857 -0.000113062 -0.0010822 -3.70809e-06 -1.00151e-05 4.66409e-05 342 -10 -15 0 0 0 
143.884 335.709 -10.0416 -8.23615 -0.0544372 0.00322127 0.002196 2.8486 -0.000132569 -0.00110923 -4.02302e-06 2.32433e-05 1.22652e-05 343 -10 -15 0 0 0 
144.844 338.415 -10.0418 -8.23721 -0.0544409 0.00323515 0.00221154 2.84862 -0.000205868 -0.0011384 -3.78278e-06 6.27519e-06 4.91074e-05 344 -10 -15 0 0 0 
145.816 341.264 -10.0419 -8.23835 -0.0544449 0.00323891 0.00223501 2.84864 -0.000150683 -0.00113849 -3.97507e-06 -1.11138e-05 2.80224e-05 345 -10 -15 0 0 0 
146.78 343.97 -10.042 -8.23938 -0.0544487 0.00320144 0.00226071 2.84865 -6.16514e-05 -0.00100679 -4.04751e-06 -5.24045e-05 -1.45947e-05 346 -10 -15 0 0 0 
147.758 346.819 -10.042 -8.24033 -0.0544528 0.00315871 0.00225728 2.84868 0.000215866 -0.000915904 -4.38775e-06 -2.22206e-05 -6.41147e-05 347 -10 -15 0 0 0 
148.72 349.525 -10.0419 -8.24118 -0.0544566 0.00313476 0.00225324 2.84871 3.47221e-05 -0.000834883 -3.62581e-06 -1.17766e-05 5.86844e-05 348 -10 -15 0 0 0 
